[Energy] 
E_elec: -82.3066498113
E_nuc: 9.32946299582
E_tot: -72.9771868155
SCF Details
Eigen: True
Step: 0 -72.6836044383
Step: 1 -79.5127522696
Step: 2 -81.4426963761
Step: 3 -82.1994917099
Step: 4 -82.2935220355
Step: 5 -82.3050633797
Step: 6 -82.3064576871
Step: 7 -82.3066264588
Step: 8 -82.3066469562
Step: 9 -82.3066494595
Step: 10 -82.3066497678
Step: 11 -82.3066498064
Step: 12 -82.3066498113
[CM] 
C AO times MO
  0     1     2     3     4     5     6     7     8     9     10     11     12     13     
0 0.394938289269 -0.0909437491323 8.28330459779e-17 -0.0379930126248 -2.74669952004e-17 -0.0423210318835 -1.04083408559e-17 -2.12069944938e-16 -0.0240005779656 -3.23451489627e-17 0.0211117237339 -4.75964753721e-17 -0.154195312158 -1.25855975811 
1 0.677179329148 -0.254139775866 2.25514051877e-16 -0.102329154936 -7.05997463621e-17 -0.106688539004 2.15105711021e-16 -1.00613961607e-15 -0.0703809495918 -1.22236058948e-16 0.0756539818967 -2.31585584043e-16 -0.712887458103 1.58263719393 
2 0.0515079843605 0.150288343035 -3.53883589099e-16 0.042048199733 3.85583229639e-17 -0.012122684651 -6.17561557448e-16 2.24473217791e-15 0.0584917626018 2.40064379513e-17 -0.126028290721 2.02962646689e-16 2.0459677232 -0.984278988646 
3 0.00430446670652 0.750734144878 -1.11022302463e-16 0.498040508222 3.09018283269e-16 1.00399997619 8.881784197e-16 -4.02455846427e-16 0.00805459062955 7.31052486063e-16 -0.134931595221 1.09981468377e-15 -1.73131414752 0.459444043067 
4 3.55618312575e-17 -5.55111512313e-17 0.310280173307 8.43075609325e-16 -8.85590407982e-16 -4.16333634234e-16 0.268738912469 0.0954587415044 4.02455846427e-16 2.16158302473e-15 5.80958892105e-15 1.21061862845 4.90167802181e-16 1.07064964533e-16 
5 1.07334651185e-16 -1.44523909523e-16 2.06484126605e-16 -6.26132551135e-17 0.413085196384 4.17915372759e-17 -2.59802434538e-16 -1.37803183929e-15 -3.00833347659e-16 1.15441947288 4.30067613445e-15 -2.03990745724e-15 4.71271298209e-16 1.58686485348e-16 
6 -0.00178453507719 -0.0638940072473 -7.52869988574e-16 0.340272900544 1.35985189772e-16 -0.19690947449 -6.86950496487e-16 1.02175212735e-15 -0.17016121155 4.15631466252e-15 -1.16200871951 6.03727137727e-15 -0.16947000107 0.0220339921752 
7 2.60208521397e-18 4.16333634234e-17 0.363626187753 1.45022882592e-15 -1.04660782091e-15 -1.13797860024e-15 0.825705822425 0.340877024688 -9.71445146547e-16 -1.31590406673e-15 -6.62664367823e-15 -1.37652788132 -1.15229006892e-15 2.3722343534e-16 
8 -1.32548075885e-17 -8.8846401476e-17 2.79000491343e-16 -2.19285692628e-16 0.702515445223 -1.51192499192e-16 3.5996397964e-16 4.0041937657e-16 3.02651220173e-16 -1.00488593784 -3.72535699349e-15 1.4987881957e-15 -2.60228317047e-16 -3.42086706113e-17 
9 -0.000273410330289 -0.0758997212745 -1.94289029309e-15 0.540876081288 -1.76326111238e-16 -0.54079129934 -1.11022302463e-15 -3.53883589099e-16 -0.242605037693 -4.40063255682e-15 1.15334648766 -5.78183334543e-15 0.376302176095 -0.0675201320132 
10 -0.000453625847279 0.0906121326806 0.178905092985 -0.105388417257 5.54516283952e-17 -0.0165495628048 -0.0085224594377 -0.917079555706 -0.909652267451 -1.99779795836e-15 0.188512077554 0.129889833103 0.187185617407 -0.0276456610194 
11 -0.000712540586572 0.0928977317812 0.323028910567 -0.185022447742 8.83559872415e-16 -0.820293696619 -1.02733338557 0.649754377158 0.471550053446 6.75951677051e-16 0.101850980649 0.391486828872 0.285638519252 -0.0721100795756 
12 -0.000453625847279 0.0906121326806 -0.178905092985 -0.105388417257 1.01039906378e-17 -0.0165495628048 0.0085224594377 0.917079555706 -0.909652267451 6.73023473832e-17 0.188512077554 -0.129889833103 0.187185617407 -0.0276456610194 
13 -0.000712540586572 0.0928977317812 -0.323028910567 -0.185022447742 -1.20736706929e-15 -0.820293696619 1.02733338557 -0.649754377158 0.471550053446 -1.12527247873e-15 0.101850980649 -0.391486828872 0.285638519252 -0.0721100795756 
[DM] 
D 
  0     1     2     3     4     5     6     7     8     9     10     11     12     13     
0 0.165690486845 0.294444262678 0.00507715207727 -0.0854966383361 1.27635906045e-17 4.65667667754e-17 -0.00782201327061 -2.77369284388e-17 -8.11947046011e-18 -0.0137548867822 -0.00441573781159 -0.00170031738143 -0.00441573781159 -0.00170031738143 
1 0.294444262678 0.533630125453 -0.00761686026431 -0.238840575768 2.18906530166e-17 8.66575324507e-17 -0.0197902799456 -7.52164905803e-17 -1.35545697852e-17 -0.0362434019942 -0.0125510254592 -0.00515833576818 -0.0125510254592 -0.00515833576818 
2 0.00507715207727 -0.00761686026431 0.0270077096058 0.133990011862 -8.08642104356e-17 -2.89656959974e-18 0.00461342060187 -6.13107917134e-17 3.83194193744e-18 0.0113219393346 0.00916318870801 0.00614488381397 0.00916318870801 0.00614488381397 
3 -0.0854966383361 -0.238840575768 0.133990011862 0.81166463255 3.43916743757e-16 -1.15700743659e-17 0.121494593956 7.13168872976e-16 4.11198769348e-17 0.212396509177 0.0155359684349 -0.0224102417832 0.0155359684349 -0.0224102417832 
4 1.27635906045e-17 2.18906530166e-17 -8.08642104356e-17 3.43916743757e-16 0.0962737859474 -3.01756357009e-16 5.6758520994e-17 0.112825996555 -5.35572618942e-16 -1.42637347122e-16 0.0555107032568 0.100229466354 -0.0555107032568 -0.100229466354 
5 4.65667667754e-17 8.66575324507e-17 -2.89656959974e-18 -1.15700743659e-17 -3.01756357009e-16 0.170639379472 4.39105441646e-17 -3.57255161449e-16 0.290198730653 -9.5763740303e-17 5.33017110938e-17 4.29768279924e-16 -3.93128504948e-17 -5.67363371346e-16 
6 -0.00782201327061 -0.0197902799456 0.00461342060187 0.121494593956 5.6758520994e-17 4.39105441646e-17 0.119871275572 2.17045559291e-16 2.66151237468e-17 0.188895498266 -0.0416495851746 -0.0688924617528 -0.0416495851746 -0.0688924617528 
7 -2.77369284388e-17 -7.52164905803e-17 -6.13107917134e-17 7.13168872976e-16 0.112825996555 -3.57255161449e-16 2.17045559291e-16 0.13222400442 -6.33806274231e-16 7.47476217169e-17 0.0650545769315 0.117461771284 -0.0650545769315 -0.117461771284 
8 -8.11947046011e-18 -1.35545697852e-17 3.83194193744e-18 4.11198769348e-17 -5.35572618942e-16 0.290198730653 2.66151237468e-17 -6.33806274231e-16 0.493527950777 -2.35731161542e-16 1.03935857135e-16 7.43168272936e-16 -2.77507764874e-17 -9.05990647975e-16 
9 -0.0137548867822 -0.0362434019942 0.0113219393346 0.212396509177 -1.42637347122e-16 -9.5763740303e-17 0.188895498266 7.47476217169e-17 -2.35731161542e-16 0.298307777752 -0.0638793857276 -0.107124933618 -0.0638793857276 -0.107124933618 
10 -0.00441573781159 -0.0125510254592 0.00916318870801 0.0155359684349 0.0555107032568 5.33017110938e-17 -0.0416495851746 0.0650545769315 1.03935857135e-16 -0.0638793857276 0.0513245151531 0.085708725031 -0.0126895494386 -0.0298743095326 
11 -0.00170031738143 -0.00515833576818 0.00614488381397 -0.0224102417832 0.100229466354 4.29768279924e-16 -0.0688924617528 0.117461771284 7.43168272936e-16 -0.107124933618 0.085708725031 0.147211479515 -0.0298743095326 -0.0614838746099 
12 -0.00441573781159 -0.0125510254592 0.00916318870801 0.0155359684349 -0.0555107032568 -3.93128504948e-17 -0.0416495851746 -0.0650545769315 -2.77507764874e-17 -0.0638793857276 -0.0126895494386 -0.0298743095326 0.0513245151531 0.085708725031 
13 -0.00170031738143 -0.00515833576818 0.00614488381397 -0.0224102417832 -0.100229466354 -5.67363371346e-16 -0.0688924617528 -0.117461771284 -9.05990647975e-16 -0.107124933618 -0.0298743095326 -0.0614838746099 0.085708725031 0.147211479515 
[NMO] 
NMO 
  0     
0 -1.58386347961e-16 -5.68760453633e-17 -2.61176368275e-17 2.3418284548e-18 9.80891352173e-18 1.87005631648e-17 3.38572456734e-17 1.90674379631e-16 4.45753030948e-16 0.387485626121 0.501207209083 0.588883117402 0.664167330248 1.10416583488 
[MOE] 
MOE 
0 -19.8438684865
1 -1.33058350512
2 -0.637203925343
3 -0.459440281311
4 -0.385995152197
5 0.385478958415
6 0.506986044696
7 1.59611934535
8 1.67008000419
9 2.45216715902
10 2.54291392335
11 2.69523305149
12 3.96575016532
13 45.0791186426
[INPUT] 
mol = [(8,(0.0,0.0,0.0916858011029)),
(1,(1.42296788349,0.0,-0.981209549317)),
(1,(-1.42296788349,0.0,-0.981209549317)),
basis = [[(0,0,0),49.980971,13.3971866815,(0.0,0.0,0.0916858011029)],
]
[(0,0,0),8.896588,3.67136616693,(0.0,0.0,0.0916858011029)],
]
[(0,0,0),1.945237,1.1739226536,(0.0,0.0,0.0916858011029)],
]
[(0,0,0),0.493363,0.419551254887,(0.0,0.0,0.0916858011029)],
]
[(1,0,0),1.945237,3.27458101737,(0.0,0.0,0.0916858011029)],
]
[(0,1,0),1.945237,3.27458101737,(0.0,0.0,0.0916858011029)],
]
[(0,0,1),1.945237,3.27458101737,(0.0,0.0,0.0916858011029)],
]
[(1,0,0),0.493363,0.589383954284,(0.0,0.0,0.0916858011029)],
]
[(0,1,0),0.493363,0.589383954284,(0.0,0.0,0.0916858011029)],
]
[(0,0,1),0.493363,0.589383954284,(0.0,0.0,0.0916858011029)],
]
[(0,0,0),1.309756377,0.872575437046,(1.42296788349,0.0,-0.981209549317)],
]
[(0,0,0),0.233135974,0.239120638419,(1.42296788349,0.0,-0.981209549317)],
]
[(0,0,0),1.309756377,0.872575437046,(-1.42296788349,0.0,-0.981209549317)],
]
[(0,0,0),0.233135974,0.239120638419,(-1.42296788349,0.0,-0.981209549317)],
]
[Atoms]
O 1 8 0.0 0.0 0.0916858011029
H 2 1 1.42296788349 0.0 -0.981209549317
H 3 1 -1.42296788349 0.0 -0.981209549317
XX 4 0 0.0 0.0 0.0916858011029
XX 5 0 0.0 0.0 0.0916858011029
XX 6 0 0.0 0.0 0.0916858011029
XX 7 0 0.0 0.0 0.0916858011029
XX 8 0 0.0 0.0 0.0916858011029
XX 9 0 0.0 0.0 0.0916858011029
XX 10 0 0.0 0.0 0.0916858011029
XX 11 0 0.0 0.0 0.0916858011029
XX 12 0 0.0 0.0 0.0916858011029
XX 13 0 0.0 0.0 0.0916858011029
XX 14 0 1.42296788349 0.0 -0.981209549317
XX 15 0 1.42296788349 0.0 -0.981209549317
XX 16 0 -1.42296788349 0.0 -0.981209549317
XX 17 0 -1.42296788349 0.0 -0.981209549317
[GTO]
  4  0
 s   1 1.0 0 0 0
  49.980971 13.3971866815
  
  5  0
 s   1 1.0 0 0 0
  8.896588 3.67136616693
  
  6  0
 s   1 1.0 0 0 0
  1.945237 1.1739226536
  
  7  0
 s   1 1.0 0 0 0
  0.493363 0.419551254887
  
  8  0
 p   1 1.0 1 0 0
  1.945237 3.27458101737
  
  9  0
 p   1 1.0 0 1 0
  1.945237 3.27458101737
  
  10  0
 p   1 1.0 0 0 1
  1.945237 3.27458101737
  
  11  0
 p   1 1.0 1 0 0
  0.493363 0.589383954284
  
  12  0
 p   1 1.0 0 1 0
  0.493363 0.589383954284
  
  13  0
 p   1 1.0 0 0 1
  0.493363 0.589383954284
  
  14  0
 s   1 1.0 0 0 0
  1.309756377 0.872575437046
  
  15  0
 s   1 1.0 0 0 0
  0.233135974 0.239120638419
  
  16  0
 s   1 1.0 0 0 0
  1.309756377 0.872575437046
  
  17  0
 s   1 1.0 0 0 0
  0.233135974 0.239120638419
  
[MO]
  Sym=  None
  Ene=      -19.8438684865
  Spin= Alpha
  Occup=    2.0
4 0.394938289269
5 0.677179329148
6 0.0515079843605
7 0.00430446670652
8 3.55618312575e-17
9 1.07334651185e-16
10 -0.00178453507719
11 2.60208521397e-18
12 -1.32548075885e-17
13 -0.000273410330289
14 -0.000453625847279
15 -0.000712540586572
16 -0.000453625847279
17 -0.000712540586572
  Sym=  None
  Ene=      -1.33058350512
  Spin= Alpha
  Occup=    2.0
4 -0.0909437491323
5 -0.254139775866
6 0.150288343035
7 0.750734144878
8 -5.55111512313e-17
9 -1.44523909523e-16
10 -0.0638940072473
11 4.16333634234e-17
12 -8.8846401476e-17
13 -0.0758997212745
14 0.0906121326806
15 0.0928977317812
16 0.0906121326806
17 0.0928977317812
  Sym=  None
  Ene=      -0.637203925343
  Spin= Alpha
  Occup=    2.0
4 8.28330459779e-17
5 2.25514051877e-16
6 -3.53883589099e-16
7 -1.11022302463e-16
8 0.310280173307
9 2.06484126605e-16
10 -7.52869988574e-16
11 0.363626187753
12 2.79000491343e-16
13 -1.94289029309e-15
14 0.178905092985
15 0.323028910567
16 -0.178905092985
17 -0.323028910567
  Sym=  None
  Ene=      -0.459440281311
  Spin= Alpha
  Occup=    2.0
4 -0.0379930126248
5 -0.102329154936
6 0.042048199733
7 0.498040508222
8 8.43075609325e-16
9 -6.26132551135e-17
10 0.340272900544
11 1.45022882592e-15
12 -2.19285692628e-16
13 0.540876081288
14 -0.105388417257
15 -0.185022447742
16 -0.105388417257
17 -0.185022447742
  Sym=  None
  Ene=      -0.385995152197
  Spin= Alpha
  Occup=    2.0
4 -2.74669952004e-17
5 -7.05997463621e-17
6 3.85583229639e-17
7 3.09018283269e-16
8 -8.85590407982e-16
9 0.413085196384
10 1.35985189772e-16
11 -1.04660782091e-15
12 0.702515445223
13 -1.76326111238e-16
14 5.54516283952e-17
15 8.83559872415e-16
16 1.01039906378e-17
17 -1.20736706929e-15
  Sym=  None
  Ene=      0.385478958415
  Spin= Alpha
  Occup=    2.0
4 -0.0423210318835
5 -0.106688539004
6 -0.012122684651
7 1.00399997619
8 -4.16333634234e-16
9 4.17915372759e-17
10 -0.19690947449
11 -1.13797860024e-15
12 -1.51192499192e-16
13 -0.54079129934
14 -0.0165495628048
15 -0.820293696619
16 -0.0165495628048
17 -0.820293696619
  Sym=  None
  Ene=      0.506986044696
  Spin= Alpha
  Occup=    0.0
4 -1.04083408559e-17
5 2.15105711021e-16
6 -6.17561557448e-16
7 8.881784197e-16
8 0.268738912469
9 -2.59802434538e-16
10 -6.86950496487e-16
11 0.825705822425
12 3.5996397964e-16
13 -1.11022302463e-15
14 -0.0085224594377
15 -1.02733338557
16 0.0085224594377
17 1.02733338557
  Sym=  None
  Ene=      1.59611934535
  Spin= Alpha
  Occup=    0.0
4 -2.12069944938e-16
5 -1.00613961607e-15
6 2.24473217791e-15
7 -4.02455846427e-16
8 0.0954587415044
9 -1.37803183929e-15
10 1.02175212735e-15
11 0.340877024688
12 4.0041937657e-16
13 -3.53883589099e-16
14 -0.917079555706
15 0.649754377158
16 0.917079555706
17 -0.649754377158
  Sym=  None
  Ene=      1.67008000419
  Spin= Alpha
  Occup=    0.0
4 -0.0240005779656
5 -0.0703809495918
6 0.0584917626018
7 0.00805459062955
8 4.02455846427e-16
9 -3.00833347659e-16
10 -0.17016121155
11 -9.71445146547e-16
12 3.02651220173e-16
13 -0.242605037693
14 -0.909652267451
15 0.471550053446
16 -0.909652267451
17 0.471550053446
  Sym=  None
  Ene=      2.45216715902
  Spin= Alpha
  Occup=    0.0
4 -3.23451489627e-17
5 -1.22236058948e-16
6 2.40064379513e-17
7 7.31052486063e-16
8 2.16158302473e-15
9 1.15441947288
10 4.15631466252e-15
11 -1.31590406673e-15
12 -1.00488593784
13 -4.40063255682e-15
14 -1.99779795836e-15
15 6.75951677051e-16
16 6.73023473832e-17
17 -1.12527247873e-15
  Sym=  None
  Ene=      2.54291392335
  Spin= Alpha
  Occup=    0.0
4 0.0211117237339
5 0.0756539818967
6 -0.126028290721
7 -0.134931595221
8 5.80958892105e-15
9 4.30067613445e-15
10 -1.16200871951
11 -6.62664367823e-15
12 -3.72535699349e-15
13 1.15334648766
14 0.188512077554
15 0.101850980649
16 0.188512077554
17 0.101850980649
  Sym=  None
  Ene=      2.69523305149
  Spin= Alpha
  Occup=    0.0
4 -4.75964753721e-17
5 -2.31585584043e-16
6 2.02962646689e-16
7 1.09981468377e-15
8 1.21061862845
9 -2.03990745724e-15
10 6.03727137727e-15
11 -1.37652788132
12 1.4987881957e-15
13 -5.78183334543e-15
14 0.129889833103
15 0.391486828872
16 -0.129889833103
17 -0.391486828872
  Sym=  None
  Ene=      3.96575016532
  Spin= Alpha
  Occup=    0.0
4 -0.154195312158
5 -0.712887458103
6 2.0459677232
7 -1.73131414752
8 4.90167802181e-16
9 4.71271298209e-16
10 -0.16947000107
11 -1.15229006892e-15
12 -2.60228317047e-16
13 0.376302176095
14 0.187185617407
15 0.285638519252
16 0.187185617407
17 0.285638519252
  Sym=  None
  Ene=      45.0791186426
  Spin= Alpha
  Occup=    0.0
4 -1.25855975811
5 1.58263719393
6 -0.984278988646
7 0.459444043067
8 1.07064964533e-16
9 1.58686485348e-16
10 0.0220339921752
11 2.3722343534e-16
12 -3.42086706113e-17
13 -0.0675201320132
14 -0.0276456610194
15 -0.0721100795756
16 -0.0276456610194
17 -0.0721100795756
