[Energy] 
E_elec: -83.9068204535
E_nuc: 9.32946299582
E_tot: -74.5773574576
SCF Details
Eigen: True
Step: 0 -71.7776136713
Step: 1 -80.955374335
Step: 2 -83.0858857901
Step: 3 -83.8126919281
Step: 4 -83.895921489
Step: 5 -83.9055663628
Step: 6 -83.906673668
Step: 7 -83.9068027985
Step: 8 -83.9068182287
Step: 9 -83.9068201542
Step: 10 -83.9068204104
Step: 11 -83.9068204475
Step: 12 -83.9068204535
[CM] 
C AO times MO
  0     1     2     3     4     5     6     7     8     9     10     11     12     13     
0 -0.174507269561 -0.036661403052 -7.3725747729e-18 -0.0146541189283 5.29548182472e-17 -0.0219825930167 7.82360287666e-16 7.79541362017e-16 -0.00886033593301 2.60486876337e-16 0.00455311821653 -5.03882959663e-17 0.106785568658 1.22839429999 
1 -0.670674927936 -0.195171968376 -4.42354486374e-17 -0.0784668265245 2.84608381092e-16 -0.110718523241 3.95863897218e-15 4.60048665829e-15 -0.0515143745714 1.48008313458e-15 0.0264345144629 -4.33030347691e-16 1.03680981466 -1.19274548768 
2 -0.310608962481 -0.10048192742 5.55111512313e-17 -0.0437087738935 1.62456900715e-16 -0.100443434075 3.32026073302e-15 8.41340885849e-16 -0.0121660861792 6.05845815493e-16 0.00980889331665 4.44522890719e-16 -1.6911367428 0.601488622536 
3 0.0162511342693 0.819299960997 1.38777878078e-17 0.423414583202 -1.57859401168e-15 0.988653294325 -3.40283357048e-14 -1.09634523682e-14 0.0557987551136 -9.68665259628e-15 -0.170878071649 -3.88578058619e-16 0.896089712283 -0.197910257513 
4 8.39172481504e-17 -1.4224732503e-16 -0.266596759597 3.1918911958e-16 -8.55334318672e-16 -7.14012182712e-15 -0.240872466364 0.121006455282 6.43061992545e-15 1.8726631633e-15 2.22803546446e-16 1.09936992829 6.49762361971e-16 -3.76760254939e-18 
5 3.30823877928e-17 4.92519533835e-17 -9.81431275331e-16 1.25185376802e-15 0.373792152176 -2.50204589026e-17 -1.72706490659e-16 -4.34929778979e-16 3.31777854264e-16 1.06147257217 -5.99139432146e-14 -2.49512589881e-15 1.11921694209e-16 -1.6616975077e-16 
6 0.00288272644687 -0.0569548360677 1.1301723446e-15 0.31227571531 -8.5619529573e-16 -0.163807522904 4.8017145815e-15 1.05332409461e-14 -0.13387170009 -5.7518991004e-14 -1.03058613991 -2.33970828822e-16 0.0370114208361 -0.00653868697565 
7 -5.89805981832e-17 -5.82867087928e-16 -0.465751481342 4.16333634234e-17 -1.2561128894e-15 -2.41473507856e-14 -0.840065307878 0.294151230437 1.58623114643e-14 -2.45892491165e-15 4.05925293379e-16 -1.11763231303 -8.28330459779e-16 8.63024929298e-17 
8 -3.58790477793e-18 3.7033428143e-17 -2.4116155957e-15 2.29718851572e-15 0.771774613433 3.66074900889e-16 -6.57930149595e-17 4.31567784822e-16 -4.34844684024e-16 -0.819029023027 4.61605260884e-14 1.58805462174e-15 -1.99513659404e-17 1.9514429144e-17 
9 -0.00323469747707 -0.0711059082256 1.25593979661e-15 0.68366234421 -1.78144393457e-15 -0.509757177718 1.88182802674e-14 2.1732615707e-14 -0.28289251315 4.9135152565e-14 0.870032531533 8.50014503229e-16 -0.145644093012 0.0296042618545 
10 -0.00180919996178 0.0926557391486 -0.16473310421 -0.0844043389241 -1.05062631159e-16 -0.0208302772063 0.0239936764947 -0.898898770894 -0.903034972744 9.05710706825e-15 0.161889129514 0.168477541936 -0.0961488969489 0.0178102193814 
11 -0.00294818756004 0.140389464541 -0.299602163596 -0.090296164249 -1.65573839701e-16 -0.756459629148 1.00950454887 0.653345315006 0.447442182967 6.12285090518e-15 0.0824534438443 0.2807089139 -0.134629066564 0.0296957241501 
12 -0.00180919996178 0.0926557391486 0.16473310421 -0.0844043389241 7.28099734953e-16 -0.0208302772063 -0.0239936764947 0.898898770894 -0.903034972743 9.86835305392e-15 0.161889129514 -0.168477541936 -0.0961488969489 0.0178102193814 
13 -0.00294818756004 0.140389464541 0.299602163596 -0.090296164249 9.9129762049e-16 -0.756459629148 -1.00950454887 -0.653345315006 0.447442182967 2.84406097935e-15 0.0824534438443 -0.2807089139 -0.134629066564 0.0296957241501 
[DM] 
D 
  0     1     2     3     4     5     6     7     8     9     10     11     12     13     
0 0.032011588805 0.125342790842 0.0585278439552 -0.0390773948174 -1.21411141024e-17 -6.12948139508e-18 -0.00299113799086 3.44849557451e-17 6.47432870286e-18 -0.00684714871342 -0.00184429963193 -0.00330918385286 -0.00184429963193 -0.00330918385286 
1 0.125342790842 0.494053999066 0.231358587868 -0.204027613031 -4.1771233942e-17 -2.3644741891e-17 -0.0153206692692 1.70652013114e-16 3.4578861252e-17 -0.0375975039956 -0.0102474773167 -0.0183375591984 -0.0102474773167 -0.0183375591984 
2 0.0585278439552 0.231358587868 0.108485002227 -0.105879519451 -4.05226220895e-17 -9.21649609404e-18 -0.0088216575997 4.92133666479e-17 2.23660634664e-17 -0.0217324580858 -0.00505906336751 -0.00924413588077 -0.00505906336751 -0.00924413588077 
3 -0.0390773948174 -0.204027613031 -0.105879519451 0.850796434723 1.62700773878e-17 -1.91231618093e-17 0.085605844448 -4.67336911034e-16 -2.15372486504e-16 0.231162971186 0.0401454139331 0.0767404586807 0.0401454139331 0.0767404586807 
4 -1.21411141024e-17 -4.1771233942e-17 -4.05226220895e-17 1.62700773878e-17 0.0710738322276 -5.80708580361e-17 -1.93281690671e-16 0.124167835703 -1.71964099411e-17 -1.06768719958e-16 0.0439173117808 0.079872965983 -0.0439173117808 -0.079872965983 
5 -6.12948139508e-18 -2.3644741891e-17 -9.21649609404e-18 -1.91231618093e-17 -5.80708580361e-17 0.139720573028 6.81746791426e-17 -1.24220699831e-17 0.28848329375 1.86346402976e-16 2.12443673108e-17 1.2592806045e-16 9.32548014349e-18 -2.9720333675e-17 
6 -0.00299113799086 -0.0153206692692 -0.0088216575997 0.085605844448 -1.93281690671e-16 6.81746791426e-17 0.100768285836 -4.80351280813e-16 5.44468177861e-17 0.217531648167 -0.0316398331753 -0.0362016570374 -0.0316398331753 -0.0362016570374 
7 3.44849557451e-17 1.70652013114e-16 4.92133666479e-17 -4.67336911034e-16 0.124167835703 -1.24220699831e-17 -4.80351280813e-16 0.216924442372 1.53777496483e-16 -5.14856579857e-16 0.0767246873119 0.139540151508 -0.0767246873119 -0.139540151508 
8 6.47432870286e-18 3.4578861252e-17 2.23660634664e-17 -2.15372486504e-16 -1.71964099411e-17 0.28848329375 5.44468177861e-17 1.53777496483e-16 0.595636053939 1.93006392034e-16 1.25733424534e-16 3.92521933543e-16 -2.57988589161e-17 -1.59684542948e-16 
9 -0.00684714871342 -0.0375975039956 -0.0217324580858 0.231162971186 -1.06768719958e-16 1.86346402976e-16 0.217531648167 -5.14856579857e-16 1.93006392034e-16 0.472460714343 -0.0642865864803 -0.0717050712103 -0.0642865864803 -0.0717050712103 
10 -0.00184429963193 -0.0102474773167 -0.00505906336751 0.0401454139331 0.0439173117808 2.12443673108e-17 -0.0316398331753 0.0767246873119 1.25733424534e-16 -0.0642865864803 0.0428494472536 0.0699890059547 -0.0114245439918 -0.0287197829199 
11 -0.00330918385286 -0.0183375591984 -0.00924413588077 0.0767404586807 0.079872965983 1.2592806045e-16 -0.0362016570374 0.139540151508 3.92521933543e-16 -0.0717050712103 0.0699890059547 0.117632747274 -0.0287197829199 -0.0618901655896 
12 -0.00184429963193 -0.0102474773167 -0.00505906336751 0.0401454139331 -0.0439173117808 9.32548014349e-18 -0.0316398331753 -0.0767246873119 -2.57988589161e-17 -0.0642865864803 -0.0114245439918 -0.0287197829199 0.0428494472536 0.0699890059547 
13 -0.00330918385286 -0.0183375591984 -0.00924413588077 0.0767404586807 -0.079872965983 -2.9720333675e-17 -0.0362016570374 -0.139540151508 -1.59684542948e-16 -0.0717050712103 -0.0287197829199 -0.0618901655896 0.0699890059547 0.117632747274 
[NMO] 
NMO 
  0     
0 -8.71415192949e-17 -5.66200235079e-17 -5.33610570043e-17 -6.67952083179e-19 -3.23148738644e-19 1.19920003945e-17 3.24501486309e-17 7.61512221602e-17 1.67725950193e-16 0.449059431222 0.521795178709 0.589559515212 0.735356626967 1.10712456351 
[MOE] 
MOE 
0 -20.3326125845
1 -1.3311186655
2 -0.65618770168
3 -0.480608144195
4 -0.419343285699
5 0.406659822706
6 0.481592270565
7 1.61989859569
8 1.69189957253
9 2.8762039501
10 2.89502952711
11 3.30872392747
12 10.2289068408
13 138.427479183
[INPUT] 
mol = [(8,(0.0,0.0,0.0916858011029)),
(1,(1.42296788349,0.0,-0.981209549317)),
(1,(-1.42296788349,0.0,-0.981209549317)),
basis = [[(0,0,0),124.139523485,26.5059056497,(0.0,0.0,0.0916858011029)],
]
[(0,0,0),18.2700638966,6.29818106478,(0.0,0.0,0.0916858011029)],
]
[(0,0,0),4.06549184156,2.04053906086,(0.0,0.0,0.0916858011029)],
]
[(0,0,0),0.660356895508,0.522088503532,(0.0,0.0,0.0916858011029)],
]
[(1,0,0),2.72534407027,4.99133548974,(0.0,0.0,0.0916858011029)],
]
[(0,1,0),2.628938877,4.7716183378,(0.0,0.0,0.0916858011029)],
]
[(0,0,1),2.7874737702,5.13397293275,(0.0,0.0,0.0916858011029)],
]
[(1,0,0),0.526347769213,0.639044455534,(0.0,0.0,0.0916858011029)],
]
[(0,1,0),0.498635341384,0.597267534268,(0.0,0.0,0.0916858011029)],
]
[(0,0,1),0.451276048049,0.527221293456,(0.0,0.0,0.0916858011029)],
]
[(0,0,0),1.36263759098,0.898866854962,(1.42296788349,0.0,-0.981209549317)],
]
[(0,0,0),0.230877614844,0.237381277426,(1.42296788349,0.0,-0.981209549317)],
]
[(0,0,0),1.36263759098,0.898866854962,(-1.42296788349,0.0,-0.981209549317)],
]
[(0,0,0),0.230877614844,0.237381277426,(-1.42296788349,0.0,-0.981209549317)],
]
[Atoms]
O 1 8 0.0 0.0 0.0916858011029
H 2 1 1.42296788349 0.0 -0.981209549317
H 3 1 -1.42296788349 0.0 -0.981209549317
XX 4 0 0.0 0.0 0.0916858011029
XX 5 0 0.0 0.0 0.0916858011029
XX 6 0 0.0 0.0 0.0916858011029
XX 7 0 0.0 0.0 0.0916858011029
XX 8 0 0.0 0.0 0.0916858011029
XX 9 0 0.0 0.0 0.0916858011029
XX 10 0 0.0 0.0 0.0916858011029
XX 11 0 0.0 0.0 0.0916858011029
XX 12 0 0.0 0.0 0.0916858011029
XX 13 0 0.0 0.0 0.0916858011029
XX 14 0 1.42296788349 0.0 -0.981209549317
XX 15 0 1.42296788349 0.0 -0.981209549317
XX 16 0 -1.42296788349 0.0 -0.981209549317
XX 17 0 -1.42296788349 0.0 -0.981209549317
[GTO]
  4  0
 s   1 1.0 0 0 0
  124.139523485 26.5059056497
  
  5  0
 s   1 1.0 0 0 0
  18.2700638966 6.29818106478
  
  6  0
 s   1 1.0 0 0 0
  4.06549184156 2.04053906086
  
  7  0
 s   1 1.0 0 0 0
  0.660356895508 0.522088503532
  
  8  0
 p   1 1.0 1 0 0
  2.72534407027 4.99133548974
  
  9  0
 p   1 1.0 0 1 0
  2.628938877 4.7716183378
  
  10  0
 p   1 1.0 0 0 1
  2.7874737702 5.13397293275
  
  11  0
 p   1 1.0 1 0 0
  0.526347769213 0.639044455534
  
  12  0
 p   1 1.0 0 1 0
  0.498635341384 0.597267534268
  
  13  0
 p   1 1.0 0 0 1
  0.451276048049 0.527221293456
  
  14  0
 s   1 1.0 0 0 0
  1.36263759098 0.898866854962
  
  15  0
 s   1 1.0 0 0 0
  0.230877614844 0.237381277426
  
  16  0
 s   1 1.0 0 0 0
  1.36263759098 0.898866854962
  
  17  0
 s   1 1.0 0 0 0
  0.230877614844 0.237381277426
  
[MO]
  Sym=  None
  Ene=      -20.3326125845
  Spin= Alpha
  Occup=    2.0
4 -0.174507269561
5 -0.670674927936
6 -0.310608962481
7 0.0162511342693
8 8.39172481504e-17
9 3.30823877928e-17
10 0.00288272644687
11 -5.89805981832e-17
12 -3.58790477793e-18
13 -0.00323469747707
14 -0.00180919996178
15 -0.00294818756004
16 -0.00180919996178
17 -0.00294818756004
  Sym=  None
  Ene=      -1.3311186655
  Spin= Alpha
  Occup=    2.0
4 -0.036661403052
5 -0.195171968376
6 -0.10048192742
7 0.819299960997
8 -1.4224732503e-16
9 4.92519533835e-17
10 -0.0569548360677
11 -5.82867087928e-16
12 3.7033428143e-17
13 -0.0711059082256
14 0.0926557391486
15 0.140389464541
16 0.0926557391486
17 0.140389464541
  Sym=  None
  Ene=      -0.65618770168
  Spin= Alpha
  Occup=    2.0
4 -7.3725747729e-18
5 -4.42354486374e-17
6 5.55111512313e-17
7 1.38777878078e-17
8 -0.266596759597
9 -9.81431275331e-16
10 1.1301723446e-15
11 -0.465751481342
12 -2.4116155957e-15
13 1.25593979661e-15
14 -0.16473310421
15 -0.299602163596
16 0.16473310421
17 0.299602163596
  Sym=  None
  Ene=      -0.480608144195
  Spin= Alpha
  Occup=    2.0
4 -0.0146541189283
5 -0.0784668265245
6 -0.0437087738935
7 0.423414583202
8 3.1918911958e-16
9 1.25185376802e-15
10 0.31227571531
11 4.16333634234e-17
12 2.29718851572e-15
13 0.68366234421
14 -0.0844043389241
15 -0.090296164249
16 -0.0844043389241
17 -0.090296164249
  Sym=  None
  Ene=      -0.419343285699
  Spin= Alpha
  Occup=    2.0
4 5.29548182472e-17
5 2.84608381092e-16
6 1.62456900715e-16
7 -1.57859401168e-15
8 -8.55334318672e-16
9 0.373792152176
10 -8.5619529573e-16
11 -1.2561128894e-15
12 0.771774613433
13 -1.78144393457e-15
14 -1.05062631159e-16
15 -1.65573839701e-16
16 7.28099734953e-16
17 9.9129762049e-16
  Sym=  None
  Ene=      0.406659822706
  Spin= Alpha
  Occup=    2.0
4 -0.0219825930167
5 -0.110718523241
6 -0.100443434075
7 0.988653294325
8 -7.14012182712e-15
9 -2.50204589026e-17
10 -0.163807522904
11 -2.41473507856e-14
12 3.66074900889e-16
13 -0.509757177718
14 -0.0208302772063
15 -0.756459629148
16 -0.0208302772063
17 -0.756459629148
  Sym=  None
  Ene=      0.481592270565
  Spin= Alpha
  Occup=    0.0
4 7.82360287666e-16
5 3.95863897218e-15
6 3.32026073302e-15
7 -3.40283357048e-14
8 -0.240872466364
9 -1.72706490659e-16
10 4.8017145815e-15
11 -0.840065307878
12 -6.57930149595e-17
13 1.88182802674e-14
14 0.0239936764947
15 1.00950454887
16 -0.0239936764947
17 -1.00950454887
  Sym=  None
  Ene=      1.61989859569
  Spin= Alpha
  Occup=    0.0
4 7.79541362017e-16
5 4.60048665829e-15
6 8.41340885849e-16
7 -1.09634523682e-14
8 0.121006455282
9 -4.34929778979e-16
10 1.05332409461e-14
11 0.294151230437
12 4.31567784822e-16
13 2.1732615707e-14
14 -0.898898770894
15 0.653345315006
16 0.898898770894
17 -0.653345315006
  Sym=  None
  Ene=      1.69189957253
  Spin= Alpha
  Occup=    0.0
4 -0.00886033593301
5 -0.0515143745714
6 -0.0121660861792
7 0.0557987551136
8 6.43061992545e-15
9 3.31777854264e-16
10 -0.13387170009
11 1.58623114643e-14
12 -4.34844684024e-16
13 -0.28289251315
14 -0.903034972744
15 0.447442182967
16 -0.903034972743
17 0.447442182967
  Sym=  None
  Ene=      2.8762039501
  Spin= Alpha
  Occup=    0.0
4 2.60486876337e-16
5 1.48008313458e-15
6 6.05845815493e-16
7 -9.68665259628e-15
8 1.8726631633e-15
9 1.06147257217
10 -5.7518991004e-14
11 -2.45892491165e-15
12 -0.819029023027
13 4.9135152565e-14
14 9.05710706825e-15
15 6.12285090518e-15
16 9.86835305392e-15
17 2.84406097935e-15
  Sym=  None
  Ene=      2.89502952711
  Spin= Alpha
  Occup=    0.0
4 0.00455311821653
5 0.0264345144629
6 0.00980889331665
7 -0.170878071649
8 2.22803546446e-16
9 -5.99139432146e-14
10 -1.03058613991
11 4.05925293379e-16
12 4.61605260884e-14
13 0.870032531533
14 0.161889129514
15 0.0824534438443
16 0.161889129514
17 0.0824534438443
  Sym=  None
  Ene=      3.30872392747
  Spin= Alpha
  Occup=    0.0
4 -5.03882959663e-17
5 -4.33030347691e-16
6 4.44522890719e-16
7 -3.88578058619e-16
8 1.09936992829
9 -2.49512589881e-15
10 -2.33970828822e-16
11 -1.11763231303
12 1.58805462174e-15
13 8.50014503229e-16
14 0.168477541936
15 0.2807089139
16 -0.168477541936
17 -0.2807089139
  Sym=  None
  Ene=      10.2289068408
  Spin= Alpha
  Occup=    0.0
4 0.106785568658
5 1.03680981466
6 -1.6911367428
7 0.896089712283
8 6.49762361971e-16
9 1.11921694209e-16
10 0.0370114208361
11 -8.28330459779e-16
12 -1.99513659404e-17
13 -0.145644093012
14 -0.0961488969489
15 -0.134629066564
16 -0.0961488969489
17 -0.134629066564
  Sym=  None
  Ene=      138.427479183
  Spin= Alpha
  Occup=    0.0
4 1.22839429999
5 -1.19274548768
6 0.601488622536
7 -0.197910257513
8 -3.76760254939e-18
9 -1.6616975077e-16
10 -0.00653868697565
11 8.63024929298e-17
12 1.9514429144e-17
13 0.0296042618545
14 0.0178102193814
15 0.0296957241501
16 0.0178102193814
17 0.0296957241501
