[Energy] 
E_elec: -82.7892919008
E_nuc: 9.32946299582
E_tot: -73.459828905
SCF Details
Eigen: True
Step: 0 -72.798427793
Step: 1 -79.8990925043
Step: 2 -81.8901037597
Step: 3 -82.6719530257
Step: 4 -82.7740975952
Step: 5 -82.7873557422
Step: 6 -82.7890448995
Step: 7 -82.789260345
Step: 8 -82.7892878594
Step: 9 -82.7892913823
Step: 10 -82.7892918348
Step: 11 -82.7892918932
Step: 12 -82.7892919008
[CM] 
C AO times MO
  0     1     2     3     4     5     6     7     8     9     10     11     12     13     
0 0.338904229449 0.0765268614158 1.06685493773e-16 0.0311216173363 -1.5504809631e-16 -0.0354233990031 -3.12250225676e-17 5.07406616723e-16 0.0201317634357 1.20358445642e-17 0.0175149418423 2.64491119978e-16 -0.135228583274 -1.23125063709 
1 0.716731607737 0.255519571813 5.10008701937e-16 0.101664730695 -5.0078193684e-16 -0.109566037447 3.76434994287e-16 1.56125112838e-15 0.0704052685956 -6.37064810895e-17 0.0718367161382 1.09677891769e-15 -0.685203025552 1.388304654 
2 0.0819222644802 -0.133035410093 -9.95731275211e-16 -0.0375221439296 1.76381954456e-16 -0.0164819906359 -2.60208521397e-15 -7.6327832943e-17 -0.0536207867699 4.99705255336e-16 -0.114195983386 -1.93595139919e-15 1.97492087099 -0.811034016972 
3 -0.00744305564876 -0.763443168495 -5.55111512313e-17 -0.483036489732 2.42550860678e-15 1.01335627628 5.6898930012e-15 -2.27595720048e-15 -0.00938351979759 -1.39031691715e-15 -0.140686589534 -3.46944695195e-16 -1.70819372642 0.398124738081 
4 -4.70543742859e-17 -7.2858385991e-17 -0.309405474055 5.25621213221e-16 5.57434737445e-16 -4.51028103754e-16 0.267031252969 0.0966172188638 2.45636844198e-15 3.32897729948e-15 1.18514139474e-14 -1.19931658468 1.99926880606e-16 -2.07462085705e-16 
5 3.95520322064e-17 2.55192357894e-16 -1.2722395258e-15 -2.22123299601e-15 -0.412600107409 -6.26101532469e-17 -4.31850447843e-16 3.58967172357e-16 -4.07332092558e-17 -1.11115044923 7.52016252839e-15 -3.48902599985e-15 1.20900552666e-15 -2.90739185924e-16 
6 -0.00221962425765 0.0632081045737 -9.95731275211e-16 -0.342166687206 1.9031245865e-15 -0.193657996021 -1.16573417586e-15 5.26488574959e-15 0.165245423795 -7.78883979684e-15 -1.13386144955 -1.09868711351e-14 -0.157959561301 0.0182565732009 
7 -7.5460471205e-17 5.55111512313e-16 -0.373183520713 -3.05311331772e-16 8.25636324586e-16 -2.58126853225e-15 0.827428341653 0.336992027674 -1.11438636097e-14 -4.57969293157e-15 -1.28447599779e-14 1.35907584736 1.10675357767e-15 -2.12503625807e-17 
8 -4.64623902605e-18 7.71981464472e-17 -1.86779943874e-15 -3.82540235036e-15 -0.715954035836 -2.40635947267e-16 -3.02156279377e-16 -4.92841252394e-16 2.36765275688e-16 0.944618435155 -6.60926925878e-15 3.21654378593e-15 -9.23696698657e-16 1.15460088388e-16 
9 0.00128074525332 0.0804178020165 -1.45716771982e-15 -0.555224020653 3.01315211727e-15 -0.543458509167 -3.88578058619e-15 7.13318293322e-15 0.247719044752 7.50345763881e-15 1.11450774775 1.27033800146e-14 0.366192504381 -0.0592871197383 
10 0.000177226795828 -0.0889046224037 -0.178063106331 0.103715586972 -2.53456767353e-16 -0.021228016026 -0.0112559859793 -0.916260896834 0.909972589944 1.07530056088e-15 0.183679025811 -0.131456355449 0.185407959258 -0.0248843426629 
11 0.00110872349908 -0.0873034897673 -0.316782929399 0.174457652551 2.95835358989e-16 -0.826709371025 -1.02887810968 0.651040920621 -0.470425872725 3.14688128468e-15 0.104825905159 -0.387437897358 0.285682178356 -0.063768249916 
12 0.000177226795827 -0.0889046224037 0.178063106331 0.103715586972 -1.1762381513e-15 -0.021228016026 0.0112559859793 0.916260896834 0.909972589943 1.04816963902e-15 0.183679025811 0.131456355449 0.185407959258 -0.0248843426629 
13 0.00110872349908 -0.0873034897673 0.316782929399 0.174457652551 -1.97234011109e-15 -0.826709371025 1.02887810968 -0.651040920621 -0.470425872725 -2.01042116759e-15 0.104825905159 0.387437897358 0.285682178356 -0.063768249916 
[DM] 
D 
  0     1     2     3     4     5     6     7     8     9     10     11     12     13     
0 0.121680992322 0.265621454948 0.0164152697218 -0.0759792693866 -3.81734435811e-17 2.77779190794e-17 -0.00656390289411 -3.24079816855e-17 -3.71229600568e-18 -0.0106912975332 -0.00351573199769 -0.000875906675334 -0.00351573199769 -0.000875906675334 
1 0.265621454948 0.589330166576 0.0209084466497 -0.249517119403 -1.5670444603e-16 7.435646023e-17 -0.0202262511546 -1.33609286219e-16 -1.3976120037e-17 -0.0349804275932 -0.0120456297841 -0.00377690288281 -0.0120456297841 -0.00377690288281 
2 0.0164152697218 0.0209084466497 0.0258175890413 0.119079787721 2.94200216787e-16 -2.01392171182e-17 0.00424807492662 3.03015058334e-16 6.60520794366e-18 0.0102397018974 0.00795035053899 0.00515925955485 0.00795035053899 0.00515925955485 
3 -0.0759792693866 -0.249517119403 0.119079787721 0.816225121012 -1.80745306322e-16 -1.22947772675e-16 0.117039720648 -2.55042074512e-16 5.23544318366e-17 0.206789507718 0.0177738944515 -0.017626411537 0.0177738944516 -0.017626411537 
4 -3.81734435811e-17 -1.5670444603e-16 2.94200216787e-16 -1.80745306322e-16 0.0957317473755 1.63640241049e-16 1.23733840535e-16 0.115465024136 1.78809720794e-16 1.53098769858e-16 0.0550936998262 0.0980143724433 -0.0550936998262 -0.0980143724433 
5 2.77779190794e-17 7.435646023e-17 -2.01392171182e-17 -1.22947772675e-16 1.63640241049e-16 0.170238848634 -9.15503845032e-18 1.34121189224e-16 0.295402712086 1.06276922154e-17 7.80579568741e-17 -1.28784362404e-16 5.71981108274e-18 1.01755241358e-18 
6 -0.00656390289411 -0.0202262511546 0.00424807492662 0.117039720648 1.23733840535e-16 -9.15503845032e-18 0.121078233049 5.11312910339e-16 -4.87346175318e-17 0.19505937787 -0.0411079048526 -0.0652143460914 -0.0411079048526 -0.0652143460914 
7 -3.24079816855e-17 -1.33609286219e-16 3.03015058334e-16 -2.55042074512e-16 0.115465024136 1.34121189224e-16 5.11312910339e-16 0.139265940132 1.05914311814e-16 7.57851367184e-16 0.0664502169299 0.118218168895 -0.0664502169299 -0.118218168895 
8 -3.71229600568e-18 -1.3976120037e-17 6.60520794366e-18 5.23544318366e-17 1.78809720794e-16 0.295402712086 -4.87346175318e-17 1.05914311814e-16 0.512590181431 -2.71209907613e-17 1.10431619893e-16 -2.94233074566e-16 1.05928335795e-16 1.46302351759e-16 
9 -0.0106912975332 -0.0349804275932 0.0102397018974 0.206789507718 1.53098769858e-16 1.06276922154e-17 0.19505937787 7.57851367184e-16 -2.71209907613e-17 0.3147423763 -0.0647346725433 -0.103882414046 -0.0647346725433 -0.103882414046 
10 -0.00351573199769 -0.0120456297841 0.00795035053899 0.0177738944515 0.0550936998262 7.80579568741e-17 -0.0411079048526 0.0664502169299 1.10431619893e-16 -0.0647346725433 0.0503674561113 0.0822632105653 -0.0130454835614 -0.0305514943177 
11 -0.000875906675334 -0.00377690288281 0.00515925955485 -0.017626411537 0.0980143724433 -1.28784362404e-16 -0.0652143460914 0.118218168895 -2.94233074566e-16 -0.103882414046 0.0822632105653 0.138410025485 -0.0305514943177 -0.0622928232318 
12 -0.00351573199769 -0.0120456297841 0.00795035053899 0.0177738944516 -0.0550936998262 5.71981108274e-18 -0.0411079048526 -0.0664502169299 1.05928335795e-16 -0.0647346725433 -0.0130454835614 -0.0305514943177 0.0503674561113 0.0822632105653 
13 -0.000875906675334 -0.00377690288281 0.00515925955485 -0.017626411537 -0.0980143724433 1.01755241358e-18 -0.0652143460914 -0.118218168895 1.46302351759e-16 -0.103882414046 -0.0305514943177 -0.0622928232318 0.0822632105653 0.138410025485 
[NMO] 
NMO 
  0     
0 -1.83732817327e-16 -5.69759567121e-17 -2.32913725188e-17 -1.41606966195e-17 8.38626631407e-18 2.08300993761e-17 3.17690345386e-17 5.03300148792e-17 3.37173589165e-16 0.397597313671 0.499113475897 0.596237569064 0.682829030064 1.10847877037 
[MOE] 
MOE 
0 -20.0244811789
1 -1.34205433771
2 -0.64369641932
3 -0.473074887399
4 -0.406538173581
5 0.375483012527
6 0.501111850473
7 1.59330060021
8 1.66617520334
9 2.43448598028
10 2.53690787269
11 2.71105879333
12 4.0122454275
13 55.3754698513
[INPUT] 
mol = [(8,(0.0,0.0,0.0916858011029)),
(1,(1.42296788349,0.0,-0.981209549317)),
(1,(-1.42296788349,0.0,-0.981209549317)),
basis = [[(0,0,0),61.0896086899,15.5734774973,(0.0,0.0,0.0916858011029)],
]
[(0,0,0),10.0992017063,4.03761938576,(0.0,0.0,0.0916858011029)],
]
[(0,0,0),1.93803540812,1.17066159973,(0.0,0.0,0.0916858011029)],
]
[(0,0,0),0.490641234652,0.417814132303,(0.0,0.0,0.0916858011029)],
]
[(1,0,0),1.98214367804,3.35242447345,(0.0,0.0,0.0916858011029)],
]
[(0,1,0),2.05209133926,3.50095031383,(0.0,0.0,0.0916858011029)],
]
[(0,0,1),2.01459909628,3.42117966032,(0.0,0.0,0.0916858011029)],
]
[(1,0,0),0.492602524918,0.588248569644,(0.0,0.0,0.0916858011029)],
]
[(0,1,0),0.471810161353,0.557377201133,(0.0,0.0,0.0916858011029)],
]
[(0,0,1),0.481517975481,0.571749401058,(0.0,0.0,0.0916858011029)],
]
[(0,0,0),1.31247920457,0.873935569152,(1.42296788349,0.0,-0.981209549317)],
]
[(0,0,0),0.233174681757,0.239150413848,(1.42296788349,0.0,-0.981209549317)],
]
[(0,0,0),1.31247920457,0.873935569152,(-1.42296788349,0.0,-0.981209549317)],
]
[(0,0,0),0.233174681757,0.239150413848,(-1.42296788349,0.0,-0.981209549317)],
]
[Atoms]
O 1 8 0.0 0.0 0.0916858011029
H 2 1 1.42296788349 0.0 -0.981209549317
H 3 1 -1.42296788349 0.0 -0.981209549317
XX 4 0 0.0 0.0 0.0916858011029
XX 5 0 0.0 0.0 0.0916858011029
XX 6 0 0.0 0.0 0.0916858011029
XX 7 0 0.0 0.0 0.0916858011029
XX 8 0 0.0 0.0 0.0916858011029
XX 9 0 0.0 0.0 0.0916858011029
XX 10 0 0.0 0.0 0.0916858011029
XX 11 0 0.0 0.0 0.0916858011029
XX 12 0 0.0 0.0 0.0916858011029
XX 13 0 0.0 0.0 0.0916858011029
XX 14 0 1.42296788349 0.0 -0.981209549317
XX 15 0 1.42296788349 0.0 -0.981209549317
XX 16 0 -1.42296788349 0.0 -0.981209549317
XX 17 0 -1.42296788349 0.0 -0.981209549317
[GTO]
  4  0
 s   1 1.0 0 0 0
  61.0896086899 15.5734774973
  
  5  0
 s   1 1.0 0 0 0
  10.0992017063 4.03761938576
  
  6  0
 s   1 1.0 0 0 0
  1.93803540812 1.17066159973
  
  7  0
 s   1 1.0 0 0 0
  0.490641234652 0.417814132303
  
  8  0
 p   1 1.0 1 0 0
  1.98214367804 3.35242447345
  
  9  0
 p   1 1.0 0 1 0
  2.05209133926 3.50095031383
  
  10  0
 p   1 1.0 0 0 1
  2.01459909628 3.42117966032
  
  11  0
 p   1 1.0 1 0 0
  0.492602524918 0.588248569644
  
  12  0
 p   1 1.0 0 1 0
  0.471810161353 0.557377201133
  
  13  0
 p   1 1.0 0 0 1
  0.481517975481 0.571749401058
  
  14  0
 s   1 1.0 0 0 0
  1.31247920457 0.873935569152
  
  15  0
 s   1 1.0 0 0 0
  0.233174681757 0.239150413848
  
  16  0
 s   1 1.0 0 0 0
  1.31247920457 0.873935569152
  
  17  0
 s   1 1.0 0 0 0
  0.233174681757 0.239150413848
  
[MO]
  Sym=  None
  Ene=      -20.0244811789
  Spin= Alpha
  Occup=    2.0
4 0.338904229449
5 0.716731607737
6 0.0819222644802
7 -0.00744305564876
8 -4.70543742859e-17
9 3.95520322064e-17
10 -0.00221962425765
11 -7.5460471205e-17
12 -4.64623902605e-18
13 0.00128074525332
14 0.000177226795828
15 0.00110872349908
16 0.000177226795827
17 0.00110872349908
  Sym=  None
  Ene=      -1.34205433771
  Spin= Alpha
  Occup=    2.0
4 0.0765268614158
5 0.255519571813
6 -0.133035410093
7 -0.763443168495
8 -7.2858385991e-17
9 2.55192357894e-16
10 0.0632081045737
11 5.55111512313e-16
12 7.71981464472e-17
13 0.0804178020165
14 -0.0889046224037
15 -0.0873034897673
16 -0.0889046224037
17 -0.0873034897673
  Sym=  None
  Ene=      -0.64369641932
  Spin= Alpha
  Occup=    2.0
4 1.06685493773e-16
5 5.10008701937e-16
6 -9.95731275211e-16
7 -5.55111512313e-17
8 -0.309405474055
9 -1.2722395258e-15
10 -9.95731275211e-16
11 -0.373183520713
12 -1.86779943874e-15
13 -1.45716771982e-15
14 -0.178063106331
15 -0.316782929399
16 0.178063106331
17 0.316782929399
  Sym=  None
  Ene=      -0.473074887399
  Spin= Alpha
  Occup=    2.0
4 0.0311216173363
5 0.101664730695
6 -0.0375221439296
7 -0.483036489732
8 5.25621213221e-16
9 -2.22123299601e-15
10 -0.342166687206
11 -3.05311331772e-16
12 -3.82540235036e-15
13 -0.555224020653
14 0.103715586972
15 0.174457652551
16 0.103715586972
17 0.174457652551
  Sym=  None
  Ene=      -0.406538173581
  Spin= Alpha
  Occup=    2.0
4 -1.5504809631e-16
5 -5.0078193684e-16
6 1.76381954456e-16
7 2.42550860678e-15
8 5.57434737445e-16
9 -0.412600107409
10 1.9031245865e-15
11 8.25636324586e-16
12 -0.715954035836
13 3.01315211727e-15
14 -2.53456767353e-16
15 2.95835358989e-16
16 -1.1762381513e-15
17 -1.97234011109e-15
  Sym=  None
  Ene=      0.375483012527
  Spin= Alpha
  Occup=    2.0
4 -0.0354233990031
5 -0.109566037447
6 -0.0164819906359
7 1.01335627628
8 -4.51028103754e-16
9 -6.26101532469e-17
10 -0.193657996021
11 -2.58126853225e-15
12 -2.40635947267e-16
13 -0.543458509167
14 -0.021228016026
15 -0.826709371025
16 -0.021228016026
17 -0.826709371025
  Sym=  None
  Ene=      0.501111850473
  Spin= Alpha
  Occup=    0.0
4 -3.12250225676e-17
5 3.76434994287e-16
6 -2.60208521397e-15
7 5.6898930012e-15
8 0.267031252969
9 -4.31850447843e-16
10 -1.16573417586e-15
11 0.827428341653
12 -3.02156279377e-16
13 -3.88578058619e-15
14 -0.0112559859793
15 -1.02887810968
16 0.0112559859793
17 1.02887810968
  Sym=  None
  Ene=      1.59330060021
  Spin= Alpha
  Occup=    0.0
4 5.07406616723e-16
5 1.56125112838e-15
6 -7.6327832943e-17
7 -2.27595720048e-15
8 0.0966172188638
9 3.58967172357e-16
10 5.26488574959e-15
11 0.336992027674
12 -4.92841252394e-16
13 7.13318293322e-15
14 -0.916260896834
15 0.651040920621
16 0.916260896834
17 -0.651040920621
  Sym=  None
  Ene=      1.66617520334
  Spin= Alpha
  Occup=    0.0
4 0.0201317634357
5 0.0704052685956
6 -0.0536207867699
7 -0.00938351979759
8 2.45636844198e-15
9 -4.07332092558e-17
10 0.165245423795
11 -1.11438636097e-14
12 2.36765275688e-16
13 0.247719044752
14 0.909972589944
15 -0.470425872725
16 0.909972589943
17 -0.470425872725
  Sym=  None
  Ene=      2.43448598028
  Spin= Alpha
  Occup=    0.0
4 1.20358445642e-17
5 -6.37064810895e-17
6 4.99705255336e-16
7 -1.39031691715e-15
8 3.32897729948e-15
9 -1.11115044923
10 -7.78883979684e-15
11 -4.57969293157e-15
12 0.944618435155
13 7.50345763881e-15
14 1.07530056088e-15
15 3.14688128468e-15
16 1.04816963902e-15
17 -2.01042116759e-15
  Sym=  None
  Ene=      2.53690787269
  Spin= Alpha
  Occup=    0.0
4 0.0175149418423
5 0.0718367161382
6 -0.114195983386
7 -0.140686589534
8 1.18514139474e-14
9 7.52016252839e-15
10 -1.13386144955
11 -1.28447599779e-14
12 -6.60926925878e-15
13 1.11450774775
14 0.183679025811
15 0.104825905159
16 0.183679025811
17 0.104825905159
  Sym=  None
  Ene=      2.71105879333
  Spin= Alpha
  Occup=    0.0
4 2.64491119978e-16
5 1.09677891769e-15
6 -1.93595139919e-15
7 -3.46944695195e-16
8 -1.19931658468
9 -3.48902599985e-15
10 -1.09868711351e-14
11 1.35907584736
12 3.21654378593e-15
13 1.27033800146e-14
14 -0.131456355449
15 -0.387437897358
16 0.131456355449
17 0.387437897358
  Sym=  None
  Ene=      4.0122454275
  Spin= Alpha
  Occup=    0.0
4 -0.135228583274
5 -0.685203025552
6 1.97492087099
7 -1.70819372642
8 1.99926880606e-16
9 1.20900552666e-15
10 -0.157959561301
11 1.10675357767e-15
12 -9.23696698657e-16
13 0.366192504381
14 0.185407959258
15 0.285682178356
16 0.185407959258
17 0.285682178356
  Sym=  None
  Ene=      55.3754698513
  Spin= Alpha
  Occup=    0.0
4 -1.23125063709
5 1.388304654
6 -0.811034016972
7 0.398124738081
8 -2.07462085705e-16
9 -2.90739185924e-16
10 0.0182565732009
11 -2.12503625807e-17
12 1.15460088388e-16
13 -0.0592871197383
14 -0.0248843426629
15 -0.063768249916
16 -0.0248843426629
17 -0.063768249916
