[Energy] 
E_elec: -83.9998478861
E_nuc: 9.32946299582
E_tot: -74.6703848903
SCF Details
Eigen: True
Step: 0 -71.7366942981
Step: 1 -81.0600838949
Step: 2 -83.2187118351
Step: 3 -83.9105672086
Step: 4 -83.9894877048
Step: 5 -83.9986523916
Step: 6 -83.9997071784
Step: 7 -83.9998307975
Step: 8 -83.9998456988
Step: 9 -83.9998475856
Step: 10 -83.9998478419
Step: 11 -83.9998478799
Step: 12 -83.9998478861
[CM] 
C AO times MO
  0     1     2     3     4     5     6     7     8     9     10     11     12     13     
0 -0.161017867058 -0.0339322859234 -4.22838847269e-17 -0.0134998605598 5.79881143866e-17 -0.0211597591209 1.42681005899e-15 -3.58654078658e-16 -0.00797069262735 7.92115762713e-17 0.00403504631603 1.58564567726e-17 0.104951165194 1.23091566125 
1 -0.637183778965 -0.181389786868 -3.2786273696e-16 -0.0730398447321 3.16248997627e-16 -0.106835142219 6.89899526396e-15 -1.82839854368e-15 -0.0470447521952 5.08937858993e-16 0.0242727994027 1.63064006742e-16 1.1629345518 -1.23169840926 
2 -0.341426118321 -0.120010720329 4.16333634234e-17 -0.0499406995655 2.13655008908e-16 -0.107715570093 7.92074739131e-15 -1.40859546249e-15 -0.0180506167986 2.0289565909e-16 0.0112518776833 -1.25767452008e-16 -1.69996851592 0.636249107434 
3 -0.00458870490277 0.808666188814 8.46545056277e-16 0.41238165027 -1.69906948788e-15 0.974250050397 -6.79734046827e-14 6.46704911844e-15 0.0552656152114 -3.18199779604e-15 -0.161224105899 7.92768628521e-16 0.765119510373 -0.177556737703 
4 7.31836466428e-17 -1.87350135405e-16 0.258927397944 4.24139889876e-16 1.87894179912e-16 -1.54008750197e-14 -0.236287355254 -0.123894955442 1.40512601554e-15 -1.17988420619e-15 1.74990230639e-16 -1.09694836471 7.82793968535e-17 -4.72441096661e-17 
5 1.6362945423e-17 3.32275449234e-18 3.1723825256e-17 1.86532486884e-15 0.36449799224 -1.89377540208e-16 3.04761528809e-16 2.45483271936e-16 -8.77393425873e-18 -1.04461577371 1.99919794172e-14 1.15189535977e-15 6.00580035343e-17 -2.14134172502e-16 
6 0.0016265871249 -0.0544507373199 2.00360561475e-16 0.307322426773 -1.47196165034e-15 -0.160491129633 1.28386884457e-14 -9.07650690718e-15 -0.131517858457 -1.95334640844e-14 -1.02691422966 4.11888405327e-16 0.0327883764313 -0.00739166101244 
7 -4.25007251614e-17 -8.32667268469e-17 0.474407633551 1.64104840827e-15 5.82133319646e-16 -5.56221735337e-14 -0.831401096659 -0.287535946756 9.46465128493e-15 7.5277246927e-16 5.4773893754e-16 1.09123291283 1.87783816274e-16 -1.67509235649e-16 
8 -4.38360275324e-18 -6.601134877e-17 3.48642838987e-16 3.84019023462e-15 0.788220315554 -2.13498525174e-16 -5.25398399295e-16 -1.47287456988e-16 1.91411032828e-16 0.776395282818 -1.46167158704e-14 -7.26138431782e-16 -8.11464769294e-17 4.49098285917e-17 
9 -0.00018264124467 -0.0641328941711 1.20042864538e-15 0.695437598459 -3.57858956883e-15 -0.503508876466 4.00096622499e-14 -1.2996548282e-14 -0.28436743613 1.63077879999e-14 0.849284212213 -4.01588484689e-16 -0.123618639387 0.0271565422327 
10 -0.000170604483648 0.0945170331589 0.162727768979 -0.0822957453554 5.14842713827e-16 -0.0187017271433 0.0245696890412 0.895666429405 -0.900707251445 3.02561946204e-15 0.159825146589 -0.174602854766 -0.0811539681044 0.0163139425143 
11 -1.15193271156e-05 0.150612800922 0.303339143478 -0.0844487140912 -1.00912821817e-15 -0.743790863364 0.996670340712 -0.654755939414 0.445222094426 1.1066901796e-15 0.0768616691278 -0.259719019261 -0.115881981887 0.0269344270796 
12 -0.000170604483648 0.0945170331589 -0.162727768979 -0.0822957453554 5.16300286258e-16 -0.0187017271433 -0.0245696890412 -0.895666429405 -0.900707251445 3.30430647748e-15 0.159825146589 0.174602854766 -0.0811539681044 0.0163139425143 
13 -1.15193271157e-05 0.150612800922 -0.303339143478 -0.0844487140912 1.3690270407e-15 -0.743790863364 -0.996670340712 0.654755939414 0.445222094426 1.76766044048e-15 0.0768616691278 0.259719019261 -0.115881981887 0.0269344270796 
[DM] 
D 
  0     1     2     3     4     5     6     7     8     9     10     11     12     13     
0 0.0272603997751 0.109738970844 0.0597221358865 -0.0322681236354 -2.2100941942e-17 -6.79254958659e-18 -0.00256308151028 -3.2544915877e-17 -3.1888685441e-18 -0.00718272640144 -0.00206872753675 -0.00396873594243 -0.00206872753675 -0.00396873594243 
1 0.109738970844 0.444240241874 0.242967564234 -0.173880231012 -1.2851978846e-16 -3.19998312407e-17 -0.013606409628 -2.33217999606e-16 -1.64460687226e-17 -0.0390452261689 -0.0110248496276 -0.0211441629654 -0.0110248496276 -0.0211441629654 
2 0.0597221358865 0.242967564234 0.133468440739 -0.116076536225 -1.29046080493e-17 -2.1264310188e-17 -0.0093685841052 -3.77001626256e-17 -1.39558222522e-17 -0.0269716468537 -0.00717490131181 -0.0138537898711 -0.00717490131181 -0.0138537898711 
3 -0.0322681236354 -0.173880231012 -0.116076536225 0.824020686622 2.42261678266e-16 1.52530245177e-16 0.0826941953628 1.01120572425e-15 1.91021867648e-16 0.234924439492 0.0424962565564 0.0869704324866 0.0424962565564 0.0869704324866 
4 -2.2100941942e-17 -1.2851978846e-16 -1.29046080493e-17 2.42261678266e-16 0.0670433974059 7.6701218858e-17 1.92546931669e-16 0.12283713412 2.38375192892e-16 6.17788632045e-16 0.0421346777948 0.0785428151152 -0.0421346777948 -0.0785428151152 
5 -6.79254958659e-18 -3.19998312407e-17 -2.1264310188e-17 1.52530245177e-16 7.6701218858e-17 0.132858786347 3.65747885343e-17 2.27236451094e-16 0.287304722462 -7.38775217056e-18 3.96244477102e-17 -5.15226157119e-16 2.983103532e-17 3.32360504009e-16 
6 -0.00256308151028 -0.013606409628 -0.0093685841052 0.0826941953628 1.92546931669e-16 3.65747885343e-17 0.0974146025782 6.03848362648e-16 2.35337419608e-17 0.21721535672 -0.0304381278236 -0.0341539805496 -0.0304381278236 -0.0341539805496 
7 -3.2544915877e-17 -2.33217999606e-16 -3.77001626256e-17 1.01120572425e-15 0.12283713412 2.27236451094e-16 6.03848362648e-16 0.225062602772 6.24248133105e-16 1.71608717547e-15 0.0771992957943 0.143906405221 -0.0771992957943 -0.143906405221 
8 -3.1888685441e-18 -1.64460687226e-17 -1.39558222522e-17 1.91021867648e-16 2.38375192892e-16 0.287304722462 2.35337419608e-17 6.24248133105e-16 0.621291265852 -1.45870025327e-16 1.4027359107e-16 -1.02389957321e-15 2.79547365533e-17 6.39096675047e-16 
9 -0.00718272640144 -0.0390452261689 -0.0269716468537 0.234924439492 6.17788632045e-16 -7.38775217056e-18 0.21721535672 1.71608717547e-15 -1.45870025327e-16 0.487746514822 -0.0632931752389 -0.0683880436389 -0.0632931752389 -0.0683880436389 
10 -0.00206872753675 -0.0110248496276 -0.00717490131181 0.0424962565564 0.0421346777948 3.96244477102e-17 -0.0304381278236 0.0771992957943 1.4027359107e-16 -0.0632931752389 0.0421864151634 0.0705469489966 -0.0107742384301 -0.0281764551275 
11 -0.00396873594243 -0.0211441629654 -0.0138537898711 0.0869704324866 0.0785428151152 -5.15226157119e-16 -0.0341539805496 0.143906405221 -1.02389957321e-15 -0.0683880436389 0.0705469489966 0.121830437212 -0.0281764551275 -0.0621988347201 
12 -0.00206872753675 -0.0110248496276 -0.00717490131181 0.0424962565564 -0.0421346777948 2.983103532e-17 -0.0304381278236 -0.0771992957943 2.79547365533e-17 -0.0632931752389 -0.0107742384301 -0.0281764551275 0.0421864151634 0.0705469489966 
13 -0.00396873594243 -0.0211441629654 -0.0138537898711 0.0869704324866 -0.0785428151152 3.32360504009e-16 -0.0341539805496 -0.143906405221 6.39096675047e-16 -0.0683880436389 -0.0281764551275 -0.0621988347201 0.0705469489966 0.121830437212 
[NMO] 
NMO 
  0     
0 -8.20486290063e-17 -2.9750098111e-17 -2.51485773108e-17 1.39139603582e-18 1.20560270088e-17 4.65720219066e-17 1.21748189762e-16 1.27759235001e-16 2.31611004615e-16 0.447915326116 0.529095925703 0.580847314439 0.754150052199 1.07643202508 
[MOE] 
MOE 
0 -20.3565298074
1 -1.33652316453
2 -0.66139405279
3 -0.483612524441
4 -0.422309682245
5 0.416081515504
6 0.481839702172
7 1.62363530345
8 1.69522527805
9 2.94894810814
10 2.96363860346
11 3.45566863341
12 12.6372187863
13 155.921574008
[INPUT] 
mol = [(8,(0.0,0.0,0.0916858011029)),
(1,(1.42296788349,0.0,-0.981209549317)),
(1,(-1.42296788349,0.0,-0.981209549317)),
basis = [[(0,0,0),135.545391869,28.31220279,(-1.10503613614e-18,2.93455307523e-20,0.0914196841159)],
]
[(0,0,0),19.5743690496,6.63247957642,(-6.24020406288e-18,-1.2328463914e-19,0.0908558715973)],
]
[(0,0,0),4.944643508,2.36325906075,(-2.69758821468e-18,-1.21516191423e-19,0.0916215266474)],
]
[(0,0,0),0.689005128312,0.538985315388,(-3.27448207987e-18,1.13919537142e-19,0.0916436254124)],
]
[(1,0,0),2.85142647169,5.28162799934,(-4.51764773302e-18,6.02203517187e-21,0.0915409813565)],
]
[(0,1,0),2.79860042006,5.15960204979,(-4.87515942413e-19,2.95447919653e-19,0.0915777057546)],
]
[(0,0,1),2.88358435409,5.35618924903,(-7.55649710739e-19,5.86031764664e-20,0.0915680794028)],
]
[(1,0,0),0.543852720303,0.665720176055,(-2.86009352882e-18,8.5272878504e-21,0.0916148570891)],
]
[(0,1,0),0.489780099887,0.584038540782,(-4.22513816758e-19,8.69503260915e-20,0.0915775488569)],
]
[(0,0,1),0.453494634975,0.530463223205,(-3.21760521992e-18,3.76859940434e-20,0.091603949457)],
]
[(0,0,0),1.37173540964,0.903364155817,(1.42291909067,-9.34614370172e-20,-0.981180641069)],
]
[(0,0,0),0.230253994474,0.236900224385,(1.42296369994,-1.07295983238e-19,-0.981206140022)],
]
[(0,0,0),1.37173540964,0.903364155817,(-1.42291909067,1.15947381209e-19,-0.981180641069)],
]
[(0,0,0),0.230253994474,0.236900224385,(-1.42296369994,2.41701720138e-20,-0.981206140022)],
]
[Atoms]
O 1 8 0.0 0.0 0.0916858011029
H 2 1 1.42296788349 0.0 -0.981209549317
H 3 1 -1.42296788349 0.0 -0.981209549317
XX 4 0 -1.10503613614e-18 2.93455307523e-20 0.0914196841159
XX 5 0 -6.24020406288e-18 -1.2328463914e-19 0.0908558715973
XX 6 0 -2.69758821468e-18 -1.21516191423e-19 0.0916215266474
XX 7 0 -3.27448207987e-18 1.13919537142e-19 0.0916436254124
XX 8 0 -4.51764773302e-18 6.02203517187e-21 0.0915409813565
XX 9 0 -4.87515942413e-19 2.95447919653e-19 0.0915777057546
XX 10 0 -7.55649710739e-19 5.86031764664e-20 0.0915680794028
XX 11 0 -2.86009352882e-18 8.5272878504e-21 0.0916148570891
XX 12 0 -4.22513816758e-19 8.69503260915e-20 0.0915775488569
XX 13 0 -3.21760521992e-18 3.76859940434e-20 0.091603949457
XX 14 0 1.42291909067 -9.34614370172e-20 -0.981180641069
XX 15 0 1.42296369994 -1.07295983238e-19 -0.981206140022
XX 16 0 -1.42291909067 1.15947381209e-19 -0.981180641069
XX 17 0 -1.42296369994 2.41701720138e-20 -0.981206140022
[GTO]
  4  0
 s   1 1.0 0 0 0
  135.545391869 28.31220279
  
  5  0
 s   1 1.0 0 0 0
  19.5743690496 6.63247957642
  
  6  0
 s   1 1.0 0 0 0
  4.944643508 2.36325906075
  
  7  0
 s   1 1.0 0 0 0
  0.689005128312 0.538985315388
  
  8  0
 p   1 1.0 1 0 0
  2.85142647169 5.28162799934
  
  9  0
 p   1 1.0 0 1 0
  2.79860042006 5.15960204979
  
  10  0
 p   1 1.0 0 0 1
  2.88358435409 5.35618924903
  
  11  0
 p   1 1.0 1 0 0
  0.543852720303 0.665720176055
  
  12  0
 p   1 1.0 0 1 0
  0.489780099887 0.584038540782
  
  13  0
 p   1 1.0 0 0 1
  0.453494634975 0.530463223205
  
  14  0
 s   1 1.0 0 0 0
  1.37173540964 0.903364155817
  
  15  0
 s   1 1.0 0 0 0
  0.230253994474 0.236900224385
  
  16  0
 s   1 1.0 0 0 0
  1.37173540964 0.903364155817
  
  17  0
 s   1 1.0 0 0 0
  0.230253994474 0.236900224385
  
[MO]
  Sym=  None
  Ene=      -20.3565298074
  Spin= Alpha
  Occup=    2.0
4 -0.161017867058
5 -0.637183778965
6 -0.341426118321
7 -0.00458870490277
8 7.31836466428e-17
9 1.6362945423e-17
10 0.0016265871249
11 -4.25007251614e-17
12 -4.38360275324e-18
13 -0.00018264124467
14 -0.000170604483648
15 -1.15193271156e-05
16 -0.000170604483648
17 -1.15193271157e-05
  Sym=  None
  Ene=      -1.33652316453
  Spin= Alpha
  Occup=    2.0
4 -0.0339322859234
5 -0.181389786868
6 -0.120010720329
7 0.808666188814
8 -1.87350135405e-16
9 3.32275449234e-18
10 -0.0544507373199
11 -8.32667268469e-17
12 -6.601134877e-17
13 -0.0641328941711
14 0.0945170331589
15 0.150612800922
16 0.0945170331589
17 0.150612800922
  Sym=  None
  Ene=      -0.66139405279
  Spin= Alpha
  Occup=    2.0
4 -4.22838847269e-17
5 -3.2786273696e-16
6 4.16333634234e-17
7 8.46545056277e-16
8 0.258927397944
9 3.1723825256e-17
10 2.00360561475e-16
11 0.474407633551
12 3.48642838987e-16
13 1.20042864538e-15
14 0.162727768979
15 0.303339143478
16 -0.162727768979
17 -0.303339143478
  Sym=  None
  Ene=      -0.483612524441
  Spin= Alpha
  Occup=    2.0
4 -0.0134998605598
5 -0.0730398447321
6 -0.0499406995655
7 0.41238165027
8 4.24139889876e-16
9 1.86532486884e-15
10 0.307322426773
11 1.64104840827e-15
12 3.84019023462e-15
13 0.695437598459
14 -0.0822957453554
15 -0.0844487140912
16 -0.0822957453554
17 -0.0844487140912
  Sym=  None
  Ene=      -0.422309682245
  Spin= Alpha
  Occup=    2.0
4 5.79881143866e-17
5 3.16248997627e-16
6 2.13655008908e-16
7 -1.69906948788e-15
8 1.87894179912e-16
9 0.36449799224
10 -1.47196165034e-15
11 5.82133319646e-16
12 0.788220315554
13 -3.57858956883e-15
14 5.14842713827e-16
15 -1.00912821817e-15
16 5.16300286258e-16
17 1.3690270407e-15
  Sym=  None
  Ene=      0.416081515504
  Spin= Alpha
  Occup=    2.0
4 -0.0211597591209
5 -0.106835142219
6 -0.107715570093
7 0.974250050397
8 -1.54008750197e-14
9 -1.89377540208e-16
10 -0.160491129633
11 -5.56221735337e-14
12 -2.13498525174e-16
13 -0.503508876466
14 -0.0187017271433
15 -0.743790863364
16 -0.0187017271433
17 -0.743790863364
  Sym=  None
  Ene=      0.481839702172
  Spin= Alpha
  Occup=    0.0
4 1.42681005899e-15
5 6.89899526396e-15
6 7.92074739131e-15
7 -6.79734046827e-14
8 -0.236287355254
9 3.04761528809e-16
10 1.28386884457e-14
11 -0.831401096659
12 -5.25398399295e-16
13 4.00096622499e-14
14 0.0245696890412
15 0.996670340712
16 -0.0245696890412
17 -0.996670340712
  Sym=  None
  Ene=      1.62363530345
  Spin= Alpha
  Occup=    0.0
4 -3.58654078658e-16
5 -1.82839854368e-15
6 -1.40859546249e-15
7 6.46704911844e-15
8 -0.123894955442
9 2.45483271936e-16
10 -9.07650690718e-15
11 -0.287535946756
12 -1.47287456988e-16
13 -1.2996548282e-14
14 0.895666429405
15 -0.654755939414
16 -0.895666429405
17 0.654755939414
  Sym=  None
  Ene=      1.69522527805
  Spin= Alpha
  Occup=    0.0
4 -0.00797069262735
5 -0.0470447521952
6 -0.0180506167986
7 0.0552656152114
8 1.40512601554e-15
9 -8.77393425873e-18
10 -0.131517858457
11 9.46465128493e-15
12 1.91411032828e-16
13 -0.28436743613
14 -0.900707251445
15 0.445222094426
16 -0.900707251445
17 0.445222094426
  Sym=  None
  Ene=      2.94894810814
  Spin= Alpha
  Occup=    0.0
4 7.92115762713e-17
5 5.08937858993e-16
6 2.0289565909e-16
7 -3.18199779604e-15
8 -1.17988420619e-15
9 -1.04461577371
10 -1.95334640844e-14
11 7.5277246927e-16
12 0.776395282818
13 1.63077879999e-14
14 3.02561946204e-15
15 1.1066901796e-15
16 3.30430647748e-15
17 1.76766044048e-15
  Sym=  None
  Ene=      2.96363860346
  Spin= Alpha
  Occup=    0.0
4 0.00403504631603
5 0.0242727994027
6 0.0112518776833
7 -0.161224105899
8 1.74990230639e-16
9 1.99919794172e-14
10 -1.02691422966
11 5.4773893754e-16
12 -1.46167158704e-14
13 0.849284212213
14 0.159825146589
15 0.0768616691278
16 0.159825146589
17 0.0768616691278
  Sym=  None
  Ene=      3.45566863341
  Spin= Alpha
  Occup=    0.0
4 1.58564567726e-17
5 1.63064006742e-16
6 -1.25767452008e-16
7 7.92768628521e-16
8 -1.09694836471
9 1.15189535977e-15
10 4.11888405327e-16
11 1.09123291283
12 -7.26138431782e-16
13 -4.01588484689e-16
14 -0.174602854766
15 -0.259719019261
16 0.174602854766
17 0.259719019261
  Sym=  None
  Ene=      12.6372187863
  Spin= Alpha
  Occup=    0.0
4 0.104951165194
5 1.1629345518
6 -1.69996851592
7 0.765119510373
8 7.82793968535e-17
9 6.00580035343e-17
10 0.0327883764313
11 1.87783816274e-16
12 -8.11464769294e-17
13 -0.123618639387
14 -0.0811539681044
15 -0.115881981887
16 -0.0811539681044
17 -0.115881981887
  Sym=  None
  Ene=      155.921574008
  Spin= Alpha
  Occup=    0.0
4 1.23091566125
5 -1.23169840926
6 0.636249107434
7 -0.177556737703
8 -4.72441096661e-17
9 -2.14134172502e-16
10 -0.00739166101244
11 -1.67509235649e-16
12 4.49098285917e-17
13 0.0271565422327
14 0.0163139425143
15 0.0269344270796
16 0.0163139425143
17 0.0269344270796
