[Energy] 
E_elec: -84.0036873731
E_nuc: 9.32946299582
E_tot: -74.6742243773
SCF Details
Eigen: True
Step: 0 -71.7439655462
Step: 1 -81.0578426872
Step: 2 -83.2226392756
Step: 3 -83.9143481817
Step: 4 -83.9933124826
Step: 5 -84.0024896692
Step: 6 -84.003546436
Step: 7 -84.0036702792
Step: 8 -84.003685192
Step: 9 -84.0036870751
Step: 10 -84.0036873295
Step: 11 -84.003687367
Step: 12 -84.0036873731
[CM] 
C AO times MO
  0     1     2     3     4     5     6     7     8     9     10     11     12     13     
0 0.161021212238 -0.0339486344271 2.90566182226e-17 0.0133940389186 -6.73318975115e-17 -0.0211937952083 2.48499137934e-16 -1.96457433654e-16 0.00803393267249 -3.45814785516e-16 -0.00395116165985 -7.23704950134e-18 -0.104956844339 1.23090300848 
1 0.637177998062 -0.181453320121 2.15105711021e-16 0.0725937793542 -3.74717349491e-16 -0.106931306876 9.45424294407e-16 -8.89913143176e-16 0.047273151776 -2.15243250955e-15 -0.0241457580796 -1.25550611574e-16 -1.16293862956 -1.23168094157 
2 0.341428672422 -0.119551234901 2.77555756156e-17 0.052489839365 -2.72284398901e-16 -0.10637848052 2.16493489802e-15 -1.07552855511e-15 0.0172674169445 -1.89431177033e-15 -0.0202813855445 -1.20129600711e-16 1.70024379013 0.636307607742 
3 0.00462309410539 0.808672284685 -9.85322934355e-16 -0.409957783504 2.04685609449e-15 0.97562484244 -1.34059430223e-14 3.24740234703e-15 -0.0582269485702 1.50101441334e-14 0.166609246028 9.92261828259e-16 -0.765552290293 -0.177674517491 
4 1.1546753137e-16 -3.81639164715e-17 -0.259413752412 5.11743425413e-17 4.76180658293e-16 -4.10088629721e-15 -0.23594122752 -0.122354165104 -3.48679418671e-15 1.64619788719e-15 2.85730640537e-15 1.09702527208 4.9255304696e-16 4.24194099985e-17 
5 9.05446117624e-17 -1.33187635294e-16 1.14466926549e-15 1.80573282038e-15 0.364444727373 -2.57897743539e-17 7.71622487256e-17 -7.72706719343e-16 -6.32286366672e-17 1.04463435764 -9.79623727822e-14 -2.71030507399e-15 2.22630016033e-16 -1.10856905002e-16 
6 -0.000675470776992 -0.0536264661259 -1.79543879764e-16 -0.307675772467 1.55499841332e-15 -0.159948299701 3.29337251914e-15 -4.95827337521e-15 0.131092973286 9.60038550821e-14 1.02713911807 -2.90555340204e-15 -0.0301625896579 -0.00702412704775 
7 -2.60208521397e-17 -2.77555756156e-16 -0.474867759166 -6.34908792208e-16 1.1460627315e-15 -1.13797860024e-14 -0.831486646224 -0.292118367086 -5.06539254985e-15 -1.66867334838e-15 -2.38611214121e-15 -1.09171935192 8.72565908416e-16 1.87350135405e-16 
8 -8.21358269773e-18 -7.86022897256e-17 3.18547402716e-15 4.08496159325e-15 0.788259902638 -4.02752786359e-17 -1.46022677921e-16 1.72685277134e-16 8.19206969462e-17 -0.776355090385 7.2575505131e-14 1.84328628188e-15 -1.32255821517e-16 -1.92652860491e-17 
9 -2.48823767889e-05 -0.0613495987589 -1.62370117351e-15 -0.695955784366 3.52353762766e-15 -0.502825475652 1.31353261601e-14 -1.12479470182e-14 0.286293600697 -7.91897178668e-14 -0.849773371312 3.77909509242e-15 0.122675397704 0.0270609452047 
10 0.000148705214642 0.0945155896052 -0.16221328175 0.0824815983618 -2.60154003388e-17 -0.0181849882163 0.0247607475341 0.896475925603 0.901156932362 -1.36647543206e-14 -0.159497938153 0.17309568078 0.0814899989588 0.0164036655459 
11 -1.02656226665e-05 0.150917649203 -0.302770043831 0.0844654182275 1.08990874367e-15 -0.744204974896 0.997703250746 -0.652331879768 -0.444096302882 -7.57052687905e-15 -0.0777962148064 0.261415966802 0.115753983711 0.0269183676272 
12 0.000148705214642 0.0945155896051 0.16221328175 0.0824815983618 -7.94946566435e-16 -0.0181849882163 -0.0247607475341 -0.896475925603 0.901156932361 -1.60744849875e-14 -0.159497938153 -0.17309568078 0.0814899989588 0.0164036655459 
13 -1.02656226667e-05 0.150917649203 0.302770043831 0.0844654182275 -1.81309093074e-15 -0.744204974896 -0.997703250746 0.652331879768 -0.444096302881 -6.32535222812e-15 -0.0777962148064 -0.261415966802 0.115753983711 0.0269183676272 
[DM] 
D 
  0     1     2     3     4     5     6     7     8     9     10     11     12     13     
0 0.0272597408487 0.109731589996 0.0597389108465 -0.0321998940542 1.3036079494e-17 1.87484421291e-17 -0.00240924109995 -1.7069314513e-17 2.98497894035e-18 -0.00724293035139 -0.00207996876671 -0.00399376798538 -0.00207996876671 -0.00399376798538 
1 0.109731589996 0.444190965399 0.243054242289 -0.173550921979 2.84118991017e-17 7.63815807391e-17 -0.0130350419316 -1.14453696749e-16 1.01972714033e-17 -0.0394058267707 -0.0110677648938 -0.0212593856078 -0.0110677648938 -0.0212593856078 
2 0.0597389108465 0.243054242289 0.133621219355 -0.116617931584 3.9472424285e-17 4.23872850144e-17 -0.0099693667152 -2.22086201103e-17 6.38075224082e-18 -0.0292046825911 -0.00691923738209 -0.0136123200739 -0.00691923738209 -0.0136123200739 
3 -0.0321998940542 -0.173550921979 -0.116617931584 0.822037621272 2.04298715436e-16 -1.01594866377e-16 0.0827647180717 5.03611950766e-16 -1.24808680087e-16 0.235700655549 0.0426188520183 0.0874156170822 0.0426188520183 0.0874156170822 
4 1.3036079494e-17 2.84118991017e-17 3.9472424285e-17 2.04298715436e-16 0.0672954949405 -1.2340141924e-16 3.2799647231e-17 0.123187227305 -4.51001651252e-16 3.8793380237e-16 0.0420803561099 0.0785427131883 -0.0420803561099 -0.0785427131883 
5 1.87484421291e-17 7.63815807391e-17 4.23872850144e-17 -1.01594866377e-16 -1.2340141924e-16 0.13281995931 1.82119544012e-17 -1.25890009354e-16 0.287277165316 3.55932637576e-17 -5.87968477408e-17 1.83060614824e-16 3.23313592107e-17 -1.81779182709e-16 
6 -0.00240924109995 -0.0130350419316 -0.0099693667152 0.0827647180717 3.2799647231e-17 1.82119544012e-17 0.0975406350929 2.95507563624e-16 -2.68801047552e-17 0.217418712545 -0.0304462270006 -0.0340811360686 -0.0304462270006 -0.0340811360685 
7 -1.7069314513e-17 -1.14453696749e-16 -2.22086201103e-17 5.03611950766e-16 0.123187227305 -1.25890009354e-16 2.95507563624e-16 0.225499388695 -6.09283616006e-16 1.22994036604e-15 0.0770298576118 0.143775732257 -0.0770298576118 -0.143775732257 
8 2.98497894035e-18 1.01972714033e-17 6.38075224082e-18 -1.24808680087e-16 -4.51001651252e-16 0.287277165316 -2.68801047552e-17 -6.09283616006e-16 0.621353674107 -6.06667991086e-17 -2.07729294517e-16 2.27840850287e-16 2.19605491113e-16 -1.31545168764e-16 
9 -0.00724293035139 -0.0394058267707 -0.0292046825911 0.235700655549 3.8793380237e-16 3.55932637576e-17 0.217418712545 1.22994036604e-15 -6.06667991086e-17 0.48811822768 -0.0632020426826 -0.0680429333632 -0.0632020426826 -0.0680429333632 
10 -0.00207996876671 -0.0110677648938 -0.00691923738209 0.0426188520183 0.0420803561099 -5.87968477408e-17 -0.0304462270006 0.0770298576118 -2.07729294517e-16 -0.0632020426826 0.0420495816362 0.070344234197 -0.0105767159163 -0.0278824106542 
11 -0.00399376798538 -0.0212593856078 -0.0136123200739 0.0874156170822 0.0785427131883 1.83060614824e-16 -0.0340811360686 0.143775732257 2.27840850287e-16 -0.0680429333632 0.070344234197 0.121580243264 -0.0278824106542 -0.0617591556189 
12 -0.00207996876671 -0.0110677648938 -0.00691923738209 0.0426188520183 -0.0420803561099 3.23313592107e-17 -0.0304462270006 -0.0770298576118 2.19605491113e-16 -0.0632020426826 -0.0105767159163 -0.0278824106542 0.0420495816362 0.070344234197 
13 -0.00399376798538 -0.0212593856078 -0.0136123200739 0.0874156170822 -0.0785427131883 -1.81779182709e-16 -0.0340811360685 -0.143775732257 -1.31545168764e-16 -0.0680429333632 -0.0278824106542 -0.0617591556189 0.070344234197 0.121580243264 
[NMO] 
NMO 
  0     1     2     3     4     5     6     7     8     9     10     11     12     13     
0 -0.145372614633 0.0864979983989 0.117422820852 -0.132929559369 0.140827238626 0.215138563865 0.0196939278049 0.0823306992298 0.0976973993994 -0.833150036751 -0.253536252943 -0.545517781831 0.977665347347 0.432911159194 
1 -0.112928952085 -0.131462831743 0.0160785005 -0.506260038809 -0.363769688516 0.389028123515 -0.268289515549 0.097968344475 0.554670850913 0.373041592777 -0.373836178536 -0.184112787771 -0.146480814128 -0.0679992873042 
2 0.28078409076 -0.221438807479 0.0536576035462 -0.188921936741 0.611531611057 0.110762803118 0.0302146345582 0.0789168810353 0.32679685277 -0.30238532172 -0.239675832341 0.480228596746 -0.265847076016 -0.0971267467867 
3 -0.0772974080083 0.0287013910934 0.215033069249 -0.28238291974 0.0765427986867 -1.00011837928 -0.779737519673 0.478905037346 -0.216058584559 -0.060631894846 -0.49642219388 -0.321687075561 -0.0447499167053 -0.0537400433489 
4 0.116656682704 -0.055698126028 0.133574485851 -0.159339323648 -0.043587448432 -0.048062870404 0.0432532417862 -0.286970275136 -0.264474908133 0.0808957736632 0.483902766827 -0.511981398687 0.161389890453 1.05703350816 
5 -0.23530578714 0.171315269423 0.0817003809299 -0.0321607351488 0.349775345414 0.10566210985 -0.0208601393352 -0.373685691927 0.357844765397 0.694778379826 -0.022226131721 -0.307623587782 0.737882874013 0.369724932663 
6 0.172152211198 -0.118722840572 -0.310969610373 0.193527831241 0.0418828257283 0.103397413072 -1.20781828519 0.033801721235 0.0158323882103 -0.039008673416 0.0759242897603 -0.789522808529 0.356423589305 0.140978417451 
7 0.0415711364638 -0.557245694822 0.134138687761 0.158675581687 -0.0587430893563 -0.592121362641 0.0635639697895 -0.562913000521 -0.53780982628 0.0206069306185 0.118854845506 0.187216661001 0.882660581065 -0.147341731167 
8 0.108955299489 0.0249224758162 0.14093813993 0.105739801697 -0.161715418956 -0.0688864409229 -0.0176346030806 -0.814883946266 0.827364952616 -0.321224403744 -0.165443998966 -0.0484738386306 -0.251375241994 -0.152866888926 
9 0.0341798355901 0.128579974702 0.516579439966 0.160947847704 -0.100558662639 0.557801628668 -0.708854296567 0.814443485323 -0.000223175247332 0.0878325727657 0.368142531579 0.243917915924 0.0420450802035 0.0632315993498 
10 0.0427188622851 0.466581226055 -0.108612226298 -0.512486380103 0.00175401573228 0.370979304919 -0.0193374465569 -0.330562710331 -0.190546433965 -0.146001698945 0.573897262192 0.252916139481 -0.337156159427 -0.490779840123 
11 0.174152773486 0.279239924297 0.0368889509743 -0.0602365711806 -0.110145567488 0.219852849773 0.120651954722 -0.439465371323 -0.519431696373 0.222093333787 -0.754967801597 0.107862747249 -0.0544988494351 0.148209927733 
12 -0.22528468279 0.00260418129013 -0.162808303558 -0.0364594377963 -0.106836699537 -0.25333813048 0.0888413422797 0.0917237310351 0.1645286101 -0.0868507458559 -0.145798774774 0.878548199819 1.22739047517 1.29323707609 
13 0.483248765872 -0.166893213227 0.00117085774382 -0.00483323328999 -0.181445641301 -0.459204807321 0.258915091543 0.358589222518 0.384520805889 0.292034113526 -0.151423214596 0.0433597901383 0.82564031068 -0.0936302803959 
[MOE] 
MOE 
0 -20.3551821166
1 -1.33500963919
2 -0.66131065772
3 -0.484884716735
4 -0.422202680716
5 0.417598772966
6 0.482284905563
7 1.62574961511
8 1.69795589556
9 2.94910603429
10 2.96324369232
11 3.4541229504
12 12.6383049292
13 155.91903823
[INPUT] 
mol = [(8,(0.0,0.0,0.0916858011029)),
(1,(1.42296788349,0.0,-0.981209549317)),
(1,(-1.42296788349,0.0,-0.981209549317)),
basis = [[(0,0,0),135.545391869,28.31220279,(5.42231762614e-17,1.26758467907e-17,0.0917225051833)],
]
[(0,0,0),19.5743690496,6.63247957642,(3.7950435202e-17,-1.31099230231e-17,0.0905978903952)],
]
[(0,0,0),4.944643508,2.36325906075,(-8.33870747151e-17,-2.21465443306e-17,0.0907611416604)],
]
[(0,0,0),0.689005128312,0.538985315388,(-1.70974238071e-17,1.1249435581e-18,0.0904000558135)],
]
[(1,0,0),2.85142647169,5.28162799934,(-5.188815477e-17,3.00936213657e-20,0.0872497816517)],
]
[(0,1,0),2.79860042006,5.15960204979,(-1.5233048427e-17,-1.11563801906e-17,0.0884077630132)],
]
[(0,0,1),2.88358435409,5.35618924903,(-2.77247493595e-17,4.05729329518e-19,0.0881259148328)],
]
[(1,0,0),0.543852720303,0.665720176055,(-1.00472416618e-16,6.54830863303e-20,0.0895004824047)],
]
[(0,1,0),0.489780099887,0.584038540782,(-1.64193128948e-17,-1.22533009923e-19,0.0883582334687)],
]
[(0,0,1),0.453494634975,0.530463223205,(-7.41053809349e-17,1.68145057628e-19,0.089172071165)],
]
[(0,0,0),1.37173540964,0.903364155817,(1.42146297527,-1.73906250742e-18,-0.980316885725)],
]
[(0,0,0),0.230253994474,0.236900224385,(1.42283851357,-1.98976570029e-18,-0.981104792126)],
]
[(0,0,0),1.37173540964,0.903364155817,(-1.42146297527,1.73457163831e-18,-0.980316885725)],
]
[(0,0,0),0.230253994474,0.236900224385,(-1.42283851357,1.79532697787e-18,-0.981104792126)],
]
[Atoms]
O 1 8 0.0 0.0 0.0916858011029
H 2 1 1.42296788349 0.0 -0.981209549317
H 3 1 -1.42296788349 0.0 -0.981209549317
XX 4 0 5.42231762614e-17 1.26758467907e-17 0.0917225051833
XX 5 0 3.7950435202e-17 -1.31099230231e-17 0.0905978903952
XX 6 0 -8.33870747151e-17 -2.21465443306e-17 0.0907611416604
XX 7 0 -1.70974238071e-17 1.1249435581e-18 0.0904000558135
XX 8 0 -5.188815477e-17 3.00936213657e-20 0.0872497816517
XX 9 0 -1.5233048427e-17 -1.11563801906e-17 0.0884077630132
XX 10 0 -2.77247493595e-17 4.05729329518e-19 0.0881259148328
XX 11 0 -1.00472416618e-16 6.54830863303e-20 0.0895004824047
XX 12 0 -1.64193128948e-17 -1.22533009923e-19 0.0883582334687
XX 13 0 -7.41053809349e-17 1.68145057628e-19 0.089172071165
XX 14 0 1.42146297527 -1.73906250742e-18 -0.980316885725
XX 15 0 1.42283851357 -1.98976570029e-18 -0.981104792126
XX 16 0 -1.42146297527 1.73457163831e-18 -0.980316885725
XX 17 0 -1.42283851357 1.79532697787e-18 -0.981104792126
[GTO]
  4  0
 s   1 1.0 0 0 0
  135.545391869 28.31220279
  
  5  0
 s   1 1.0 0 0 0
  19.5743690496 6.63247957642
  
  6  0
 s   1 1.0 0 0 0
  4.944643508 2.36325906075
  
  7  0
 s   1 1.0 0 0 0
  0.689005128312 0.538985315388
  
  8  0
 p   1 1.0 1 0 0
  2.85142647169 5.28162799934
  
  9  0
 p   1 1.0 0 1 0
  2.79860042006 5.15960204979
  
  10  0
 p   1 1.0 0 0 1
  2.88358435409 5.35618924903
  
  11  0
 p   1 1.0 1 0 0
  0.543852720303 0.665720176055
  
  12  0
 p   1 1.0 0 1 0
  0.489780099887 0.584038540782
  
  13  0
 p   1 1.0 0 0 1
  0.453494634975 0.530463223205
  
  14  0
 s   1 1.0 0 0 0
  1.37173540964 0.903364155817
  
  15  0
 s   1 1.0 0 0 0
  0.230253994474 0.236900224385
  
  16  0
 s   1 1.0 0 0 0
  1.37173540964 0.903364155817
  
  17  0
 s   1 1.0 0 0 0
  0.230253994474 0.236900224385
  
[MO]
  Sym=  None
  Ene=      -20.3551821166
  Spin= Alpha
  Occup=    2.0
4 0.161021212238
5 0.637177998062
6 0.341428672422
7 0.00462309410539
8 1.1546753137e-16
9 9.05446117624e-17
10 -0.000675470776992
11 -2.60208521397e-17
12 -8.21358269773e-18
13 -2.48823767889e-05
14 0.000148705214642
15 -1.02656226665e-05
16 0.000148705214642
17 -1.02656226667e-05
  Sym=  None
  Ene=      -1.33500963919
  Spin= Alpha
  Occup=    2.0
4 -0.0339486344271
5 -0.181453320121
6 -0.119551234901
7 0.808672284685
8 -3.81639164715e-17
9 -1.33187635294e-16
10 -0.0536264661259
11 -2.77555756156e-16
12 -7.86022897256e-17
13 -0.0613495987589
14 0.0945155896052
15 0.150917649203
16 0.0945155896051
17 0.150917649203
  Sym=  None
  Ene=      -0.66131065772
  Spin= Alpha
  Occup=    2.0
4 2.90566182226e-17
5 2.15105711021e-16
6 2.77555756156e-17
7 -9.85322934355e-16
8 -0.259413752412
9 1.14466926549e-15
10 -1.79543879764e-16
11 -0.474867759166
12 3.18547402716e-15
13 -1.62370117351e-15
14 -0.16221328175
15 -0.302770043831
16 0.16221328175
17 0.302770043831
  Sym=  None
  Ene=      -0.484884716735
  Spin= Alpha
  Occup=    2.0
4 0.0133940389186
5 0.0725937793542
6 0.052489839365
7 -0.409957783504
8 5.11743425413e-17
9 1.80573282038e-15
10 -0.307675772467
11 -6.34908792208e-16
12 4.08496159325e-15
13 -0.695955784366
14 0.0824815983618
15 0.0844654182275
16 0.0824815983618
17 0.0844654182275
  Sym=  None
  Ene=      -0.422202680716
  Spin= Alpha
  Occup=    2.0
4 -6.73318975115e-17
5 -3.74717349491e-16
6 -2.72284398901e-16
7 2.04685609449e-15
8 4.76180658293e-16
9 0.364444727373
10 1.55499841332e-15
11 1.1460627315e-15
12 0.788259902638
13 3.52353762766e-15
14 -2.60154003388e-17
15 1.08990874367e-15
16 -7.94946566435e-16
17 -1.81309093074e-15
  Sym=  None
  Ene=      0.417598772966
  Spin= Alpha
  Occup=    2.0
4 -0.0211937952083
5 -0.106931306876
6 -0.10637848052
7 0.97562484244
8 -4.10088629721e-15
9 -2.57897743539e-17
10 -0.159948299701
11 -1.13797860024e-14
12 -4.02752786359e-17
13 -0.502825475652
14 -0.0181849882163
15 -0.744204974896
16 -0.0181849882163
17 -0.744204974896
  Sym=  None
  Ene=      0.482284905563
  Spin= Alpha
  Occup=    0.0
4 2.48499137934e-16
5 9.45424294407e-16
6 2.16493489802e-15
7 -1.34059430223e-14
8 -0.23594122752
9 7.71622487256e-17
10 3.29337251914e-15
11 -0.831486646224
12 -1.46022677921e-16
13 1.31353261601e-14
14 0.0247607475341
15 0.997703250746
16 -0.0247607475341
17 -0.997703250746
  Sym=  None
  Ene=      1.62574961511
  Spin= Alpha
  Occup=    0.0
4 -1.96457433654e-16
5 -8.89913143176e-16
6 -1.07552855511e-15
7 3.24740234703e-15
8 -0.122354165104
9 -7.72706719343e-16
10 -4.95827337521e-15
11 -0.292118367086
12 1.72685277134e-16
13 -1.12479470182e-14
14 0.896475925603
15 -0.652331879768
16 -0.896475925603
17 0.652331879768
  Sym=  None
  Ene=      1.69795589556
  Spin= Alpha
  Occup=    0.0
4 0.00803393267249
5 0.047273151776
6 0.0172674169445
7 -0.0582269485702
8 -3.48679418671e-15
9 -6.32286366672e-17
10 0.131092973286
11 -5.06539254985e-15
12 8.19206969462e-17
13 0.286293600697
14 0.901156932362
15 -0.444096302882
16 0.901156932361
17 -0.444096302881
  Sym=  None
  Ene=      2.94910603429
  Spin= Alpha
  Occup=    0.0
4 -3.45814785516e-16
5 -2.15243250955e-15
6 -1.89431177033e-15
7 1.50101441334e-14
8 1.64619788719e-15
9 1.04463435764
10 9.60038550821e-14
11 -1.66867334838e-15
12 -0.776355090385
13 -7.91897178668e-14
14 -1.36647543206e-14
15 -7.57052687905e-15
16 -1.60744849875e-14
17 -6.32535222812e-15
  Sym=  None
  Ene=      2.96324369232
  Spin= Alpha
  Occup=    0.0
4 -0.00395116165985
5 -0.0241457580796
6 -0.0202813855445
7 0.166609246028
8 2.85730640537e-15
9 -9.79623727822e-14
10 1.02713911807
11 -2.38611214121e-15
12 7.2575505131e-14
13 -0.849773371312
14 -0.159497938153
15 -0.0777962148064
16 -0.159497938153
17 -0.0777962148064
  Sym=  None
  Ene=      3.4541229504
  Spin= Alpha
  Occup=    0.0
4 -7.23704950134e-18
5 -1.25550611574e-16
6 -1.20129600711e-16
7 9.92261828259e-16
8 1.09702527208
9 -2.71030507399e-15
10 -2.90555340204e-15
11 -1.09171935192
12 1.84328628188e-15
13 3.77909509242e-15
14 0.17309568078
15 0.261415966802
16 -0.17309568078
17 -0.261415966802
  Sym=  None
  Ene=      12.6383049292
  Spin= Alpha
  Occup=    0.0
4 -0.104956844339
5 -1.16293862956
6 1.70024379013
7 -0.765552290293
8 4.9255304696e-16
9 2.22630016033e-16
10 -0.0301625896579
11 8.72565908416e-16
12 -1.32255821517e-16
13 0.122675397704
14 0.0814899989588
15 0.115753983711
16 0.0814899989588
17 0.115753983711
  Sym=  None
  Ene=      155.91903823
  Spin= Alpha
  Occup=    0.0
4 1.23090300848
5 -1.23168094157
6 0.636307607742
7 -0.177674517491
8 4.24194099985e-17
9 -1.10856905002e-16
10 -0.00702412704775
11 1.87350135405e-16
12 -1.92652860491e-17
13 0.0270609452047
14 0.0164036655459
15 0.0269183676272
16 0.0164036655459
17 0.0269183676272
