[Energy] 
E_elec: -84.0000831965
E_nuc: 9.32946299582
E_tot: -74.6706202007
SCF Details
Eigen: True
Step: 0 -71.7369202889
Step: 1 -81.059641425
Step: 2 -83.2188909487
Step: 3 -83.9107965189
Step: 4 -83.9897225638
Step: 5 -83.9988877286
Step: 6 -83.999942515
Step: 7 -84.0000661169
Step: 8 -84.0000810118
Step: 9 -84.0000828967
Step: 10 -84.0000831524
Step: 11 -84.0000831903
Step: 12 -84.0000831965
[CM] 
C AO times MO
  0     1     2     3     4     5     6     7     8     9     10     11     12     13     
0 0.161021751708 -0.0339410865763 -2.60208521397e-18 0.0134580227314 1.09220408888e-17 -0.0211781899692 1.97541635827e-15 -2.4351180794e-16 0.00798875253048 -1.49578377906e-16 -0.0039592493125 -8.86335276007e-18 -0.104958971149 1.23090074039 
1 0.637177853302 -0.181382255851 -4.51028103754e-17 0.0731337758829 6.011224394e-17 -0.10676353133 9.87578074874e-15 -1.22124532709e-15 0.0469933394091 -9.14202688568e-16 -0.0246454889483 -1.20129600711e-16 -1.16293663919 -1.23168222405 
2 0.341428717873 -0.120034003227 1.04083408559e-17 0.0497858226829 4.45581059988e-17 -0.107791182481 1.02001740387e-14 -1.04603825601e-15 0.0181484464453 -4.1284441689e-16 -0.0109664367052 1.33140026781e-16 1.69998873985 0.63625697008 
3 0.00460429507986 0.808727866002 5.27355936697e-16 -0.412076622555 -3.53644607331e-16 0.97439061918 -9.04276653557e-14 5.56499291093e-15 -0.0555467618574 6.03993221208e-15 0.160917588521 -7.8062556419e-16 -0.765187073043 -0.177613037132 
4 -1.08962318335e-16 3.98986399475e-16 0.258954790708 5.18682319317e-16 -3.31066070653e-17 -2.07819872422e-14 -0.236273198449 -0.123832328509 2.01227923213e-16 2.60491634657e-15 -6.33065648514e-16 1.0969500422 -1.61220863049e-16 -7.45388993584e-17 
5 -8.64701588326e-18 1.45038678454e-17 2.21463092828e-16 -3.08581487268e-16 0.364498729793 3.18339579406e-17 -2.02582730257e-16 2.28598635672e-16 -1.45687352987e-16 -1.04461551636 3.87931693716e-14 3.00119362838e-15 1.37715252896e-17 -1.29191570365e-16 
6 -0.00128879363704 -0.0542433719396 -5.09141340199e-16 -0.307364602805 -2.01274272776e-16 -0.160466636216 1.46081063912e-14 -6.41630845677e-15 0.131465067386 3.80660535636e-14 1.02690742114 3.16587034366e-17 -0.0336626068297 -0.00837795986652 
7 -7.8062556419e-18 5.96744875736e-16 0.474459119353 1.8561541193e-15 -4.08252382565e-16 -7.36077865326e-14 -0.831388548609 -0.287674096476 -3.58046925442e-15 -2.80856836795e-15 1.42681005899e-16 -1.09125499604 -5.18248638448e-16 -1.21972744405e-16 
8 1.18297622531e-18 -2.06244477766e-18 9.67931630781e-16 -5.97795974935e-16 0.788219767378 -1.17074517112e-16 -7.0260432344e-19 -8.14543619942e-16 -2.14807472101e-16 0.776395839343 -2.89431182754e-14 -1.96213025933e-15 7.70833328463e-18 1.44364470096e-17 
9 7.81745816179e-05 -0.0637716357723 -3.33066907388e-16 -0.69534709382 -5.55671194495e-16 -0.503677377798 4.75938732869e-14 -8.26422263955e-15 0.284553618266 -3.14717866137e-14 -0.84922755718 -7.2858385991e-17 0.123909229772 0.0274723896714 
10 0.000158201460685 0.0945126415357 0.162690731513 0.0823517841525 6.65037395153e-17 -0.0186042092251 0.0245985010204 0.895697970395 0.900736349409 -4.74963867836e-15 -0.159720027474 0.174550867985 0.0811926643846 0.0163503858093 
11 1.15652077867e-06 0.150655600641 0.303296920518 0.0846258225579 -3.96600522894e-16 -0.743822192539 0.99670459616 -0.654681889812 -0.445116496271 -2.90592745626e-15 -0.0768219895246 0.259783606401 0.115914160109 0.0269675336987 
12 0.000158201460685 0.0945126415357 -0.162690731513 0.0823517841525 1.23661599395e-16 -0.0186042092251 -0.0245985010204 -0.895697970395 0.900736349409 -6.85359518191e-15 -0.159720027474 -0.174550867985 0.0811926643846 0.0163503858093 
13 1.15652077863e-06 0.150655600641 -0.303296920518 0.084625822558 5.65630183747e-16 -0.743822192539 -0.99670459616 0.654681889812 -0.445116496271 -3.05917798168e-15 -0.0768219895246 -0.259783606401 0.115914160109 0.0269675336987 
[DM] 
D 
  0     1     2     3     4     5     6     7     8     9     10     11     12     13     
0 0.0272611202569 0.109740040956 0.0597215534642 -0.0322534474109 -2.4780719284e-17 -2.0564613182e-18 -0.00250296463721 2.23443482223e-18 8.24303230086e-19 -0.00718093057589 -0.0020740956895 -0.00397433231592 -0.0020740956895 -0.00397433231592 
1 0.109740040956 0.444243688652 0.242963880992 -0.173891849211 -1.15543821604e-16 -8.79732405669e-18 -0.0134611395715 1.13521473263e-18 4.79043921839e-18 -0.0392365042525 -0.0110194167353 -0.0211365098507 -0.0110194167353 -0.0211365098507 
2 0.0597215534642 0.242963880992 0.133460359459 -0.116018378374 -5.65764837012e-17 -3.81490703602e-18 -0.00923138169094 2.3053535897e-17 6.01128109545e-18 -0.0269369713348 -0.00719076487374 -0.0138702337878 -0.00719076487374 -0.0138702337878 
3 -0.0322534474109 -0.173891849211 -0.116018378374 0.823869103638 2.44994212637e-16 9.94607556479e-18 0.0827837069973 -3.21006195123e-17 -3.40744335888e-17 0.234962742954 0.0425004902307 0.0869670645923 0.0425004902307 0.0869670645923 
4 -2.4780719284e-17 -1.15543821604e-16 -5.65764837012e-17 2.44994212637e-16 0.0670575836304 4.52816126295e-17 -3.12771111974e-16 0.122863461951 2.24555250748e-16 -4.72366048076e-16 0.042129544329 0.0785401905749 -0.042129544329 -0.0785401905749 
5 -2.0564613182e-18 -8.79732405669e-18 -3.81490703602e-18 9.94607556479e-18 4.52816126295e-17 0.132859324021 2.07072150214e-17 -4.37322908878e-17 0.287305104007 1.11041844483e-17 3.62277160142e-17 -1.01320196032e-16 -1.49983018124e-17 1.15073526181e-16 
6 -0.00250296463721 -0.0134611395715 -0.00923138169094 0.0827837069973 -3.12771111974e-16 2.07072150214e-17 0.097417003446 -8.44442219115e-16 2.5203311275e-17 0.217184171111 -0.0304389116832 -0.0341830516085 -0.0304389116832 -0.0341830516085 
7 2.23443482223e-18 1.13521473263e-18 2.3053535897e-17 -3.21006195123e-17 0.122863461951 -4.37322908878e-17 -8.44442219115e-16 0.225111455937 1.37451391118e-16 -1.48675401121e-15 0.0771901012006 0.143901989811 -0.0771901012006 -0.143901989811 
8 8.24303230086e-19 4.79043921839e-18 6.01128109545e-18 -3.40744335888e-17 2.24555250748e-16 0.287305104007 2.5203311275e-17 1.37451391118e-16 0.621290401685 -2.21837078388e-17 1.60468762106e-16 -6.99373825993e-17 -1.09425293008e-16 1.01370515377e-16 
9 -0.00718093057589 -0.0392365042525 -0.0269369713348 0.234962742954 -4.72366048076e-16 1.11041844483e-17 0.217184171111 -1.48675401121e-15 -2.21837078388e-17 0.487574408525 -0.0632902871659 -0.0684518737786 -0.0632902871659 -0.0684518737786 
10 -0.0020740956895 -0.0110194167353 -0.00719076487374 0.0425004902307 0.042129544329 3.62277160142e-17 -0.0304389116832 0.0771901012006 1.60468762106e-16 -0.0632902871659 0.0421827549111 0.0705515442995 -0.0107537933294 -0.02813565143 
11 -0.00397433231592 -0.0211365098507 -0.0138702337878 0.0869670645923 0.0785401905749 -1.01320196032e-16 -0.0341830516085 0.143901989811 -6.99373825993e-17 -0.0684518737786 0.0705515442995 0.121847661845 -0.02813565143 -0.062130382146 
12 -0.0020740956895 -0.0110194167353 -0.00719076487374 0.0425004902307 -0.042129544329 -1.49983018124e-17 -0.0304389116832 -0.0771901012006 -1.09425293008e-16 -0.0632902871659 -0.0107537933294 -0.02813565143 0.0421827549111 0.0705515442995 
13 -0.00397433231592 -0.0211365098507 -0.0138702337878 0.0869670645923 -0.0785401905749 1.15073526181e-16 -0.0341830516085 -0.143901989811 1.01370515377e-16 -0.0684518737786 -0.02813565143 -0.062130382146 0.0705515442995 0.121847661845 
[NMO] 
NMO 
  0     
0 -6.44597694518e-17 -5.17172036484e-17 -2.78010955233e-17 -6.53542550613e-18 7.45914167249e-18 2.2964166406e-17 5.52914820544e-17 6.06550796196e-17 1.53631810556e-16 0.447873535647 0.529083631799 0.580747729169 0.754149725706 1.07635066044 
[MOE] 
MOE 
0 -20.3564437045
1 -1.33637147577
2 -0.661403555191
3 -0.483929581075
4 -0.422340883885
5 0.416324245203
6 0.481849171415
7 1.62374221098
8 1.69543104463
9 2.94891272539
10 2.96342269723
11 3.45557245008
12 12.6376682482
13 155.917383049
[INPUT] 
mol = [(8,(0.0,0.0,0.0916858011029)),
(1,(1.42296788349,0.0,-0.981209549317)),
(1,(-1.42296788349,0.0,-0.981209549317)),
basis = [[(0,0,0),135.545391869,28.31220279,(-1.61479743818e-18,-1.80043355843e-19,0.09173356606)],
]
[(0,0,0),19.5743690496,6.63247957642,(-7.10504018068e-18,-2.09477178032e-19,0.0905284555939)],
]
[(0,0,0),4.944643508,2.36325906075,(-2.38896570306e-18,1.57993165804e-19,0.0915747510266)],
]
[(0,0,0),0.689005128312,0.538985315388,(-6.19538310596e-18,1.73449639442e-19,0.0915982733573)],
]
[(1,0,0),2.85142647169,5.28162799934,(-1.1101653549e-17,-3.1422863588e-21,0.0913846581814)],
]
[(0,1,0),2.79860042006,5.15960204979,(-1.03466458622e-18,5.69011478333e-19,0.0914616720087)],
]
[(0,0,1),2.88358435409,5.35618924903,(-1.93175280395e-18,6.65261317965e-20,0.0914419384181)],
]
[(1,0,0),0.543852720303,0.665720176055,(-3.69916904681e-18,6.0185136574e-21,0.0915380510787)],
]
[(0,1,0),0.489780099887,0.584038540782,(-8.56129180803e-19,1.72553161088e-19,0.0914605000917)],
]
[(0,0,1),0.453494634975,0.530463223205,(-5.20681087968e-18,3.91501516263e-20,0.0915154926559)],
]
[(0,0,0),1.37173540964,0.903364155817,(1.4228662267,-1.40950136986e-19,-0.981149300258)],
]
[(0,0,0),0.230253994474,0.236900224385,(1.42295915978,-2.48741352456e-19,-0.981202459002)],
]
[(0,0,0),1.37173540964,0.903364155817,(-1.4228662267,1.87315696945e-19,-0.981149300258)],
]
[(0,0,0),0.230253994474,0.236900224385,(-1.42295915978,1.12636343929e-19,-0.981202459002)],
]
[Atoms]
O 1 8 0.0 0.0 0.0916858011029
H 2 1 1.42296788349 0.0 -0.981209549317
H 3 1 -1.42296788349 0.0 -0.981209549317
XX 4 0 -1.61479743818e-18 -1.80043355843e-19 0.09173356606
XX 5 0 -7.10504018068e-18 -2.09477178032e-19 0.0905284555939
XX 6 0 -2.38896570306e-18 1.57993165804e-19 0.0915747510266
XX 7 0 -6.19538310596e-18 1.73449639442e-19 0.0915982733573
XX 8 0 -1.1101653549e-17 -3.1422863588e-21 0.0913846581814
XX 9 0 -1.03466458622e-18 5.69011478333e-19 0.0914616720087
XX 10 0 -1.93175280395e-18 6.65261317965e-20 0.0914419384181
XX 11 0 -3.69916904681e-18 6.0185136574e-21 0.0915380510787
XX 12 0 -8.56129180803e-19 1.72553161088e-19 0.0914605000917
XX 13 0 -5.20681087968e-18 3.91501516263e-20 0.0915154926559
XX 14 0 1.4228662267 -1.40950136986e-19 -0.981149300258
XX 15 0 1.42295915978 -2.48741352456e-19 -0.981202459002
XX 16 0 -1.4228662267 1.87315696945e-19 -0.981149300258
XX 17 0 -1.42295915978 1.12636343929e-19 -0.981202459002
[GTO]
  4  0
 s   1 1.0 0 0 0
  135.545391869 28.31220279
  
  5  0
 s   1 1.0 0 0 0
  19.5743690496 6.63247957642
  
  6  0
 s   1 1.0 0 0 0
  4.944643508 2.36325906075
  
  7  0
 s   1 1.0 0 0 0
  0.689005128312 0.538985315388
  
  8  0
 p   1 1.0 1 0 0
  2.85142647169 5.28162799934
  
  9  0
 p   1 1.0 0 1 0
  2.79860042006 5.15960204979
  
  10  0
 p   1 1.0 0 0 1
  2.88358435409 5.35618924903
  
  11  0
 p   1 1.0 1 0 0
  0.543852720303 0.665720176055
  
  12  0
 p   1 1.0 0 1 0
  0.489780099887 0.584038540782
  
  13  0
 p   1 1.0 0 0 1
  0.453494634975 0.530463223205
  
  14  0
 s   1 1.0 0 0 0
  1.37173540964 0.903364155817
  
  15  0
 s   1 1.0 0 0 0
  0.230253994474 0.236900224385
  
  16  0
 s   1 1.0 0 0 0
  1.37173540964 0.903364155817
  
  17  0
 s   1 1.0 0 0 0
  0.230253994474 0.236900224385
  
[MO]
  Sym=  None
  Ene=      -20.3564437045
  Spin= Alpha
  Occup=    2.0
4 0.161021751708
5 0.637177853302
6 0.341428717873
7 0.00460429507986
8 -1.08962318335e-16
9 -8.64701588326e-18
10 -0.00128879363704
11 -7.8062556419e-18
12 1.18297622531e-18
13 7.81745816179e-05
14 0.000158201460685
15 1.15652077867e-06
16 0.000158201460685
17 1.15652077863e-06
  Sym=  None
  Ene=      -1.33637147577
  Spin= Alpha
  Occup=    2.0
4 -0.0339410865763
5 -0.181382255851
6 -0.120034003227
7 0.808727866002
8 3.98986399475e-16
9 1.45038678454e-17
10 -0.0542433719396
11 5.96744875736e-16
12 -2.06244477766e-18
13 -0.0637716357723
14 0.0945126415357
15 0.150655600641
16 0.0945126415357
17 0.150655600641
  Sym=  None
  Ene=      -0.661403555191
  Spin= Alpha
  Occup=    2.0
4 -2.60208521397e-18
5 -4.51028103754e-17
6 1.04083408559e-17
7 5.27355936697e-16
8 0.258954790708
9 2.21463092828e-16
10 -5.09141340199e-16
11 0.474459119353
12 9.67931630781e-16
13 -3.33066907388e-16
14 0.162690731513
15 0.303296920518
16 -0.162690731513
17 -0.303296920518
  Sym=  None
  Ene=      -0.483929581075
  Spin= Alpha
  Occup=    2.0
4 0.0134580227314
5 0.0731337758829
6 0.0497858226829
7 -0.412076622555
8 5.18682319317e-16
9 -3.08581487268e-16
10 -0.307364602805
11 1.8561541193e-15
12 -5.97795974935e-16
13 -0.69534709382
14 0.0823517841525
15 0.0846258225579
16 0.0823517841525
17 0.084625822558
  Sym=  None
  Ene=      -0.422340883885
  Spin= Alpha
  Occup=    2.0
4 1.09220408888e-17
5 6.011224394e-17
6 4.45581059988e-17
7 -3.53644607331e-16
8 -3.31066070653e-17
9 0.364498729793
10 -2.01274272776e-16
11 -4.08252382565e-16
12 0.788219767378
13 -5.55671194495e-16
14 6.65037395153e-17
15 -3.96600522894e-16
16 1.23661599395e-16
17 5.65630183747e-16
  Sym=  None
  Ene=      0.416324245203
  Spin= Alpha
  Occup=    2.0
4 -0.0211781899692
5 -0.10676353133
6 -0.107791182481
7 0.97439061918
8 -2.07819872422e-14
9 3.18339579406e-17
10 -0.160466636216
11 -7.36077865326e-14
12 -1.17074517112e-16
13 -0.503677377798
14 -0.0186042092251
15 -0.743822192539
16 -0.0186042092251
17 -0.743822192539
  Sym=  None
  Ene=      0.481849171415
  Spin= Alpha
  Occup=    0.0
4 1.97541635827e-15
5 9.87578074874e-15
6 1.02001740387e-14
7 -9.04276653557e-14
8 -0.236273198449
9 -2.02582730257e-16
10 1.46081063912e-14
11 -0.831388548609
12 -7.0260432344e-19
13 4.75938732869e-14
14 0.0245985010204
15 0.99670459616
16 -0.0245985010204
17 -0.99670459616
  Sym=  None
  Ene=      1.62374221098
  Spin= Alpha
  Occup=    0.0
4 -2.4351180794e-16
5 -1.22124532709e-15
6 -1.04603825601e-15
7 5.56499291093e-15
8 -0.123832328509
9 2.28598635672e-16
10 -6.41630845677e-15
11 -0.287674096476
12 -8.14543619942e-16
13 -8.26422263955e-15
14 0.895697970395
15 -0.654681889812
16 -0.895697970395
17 0.654681889812
  Sym=  None
  Ene=      1.69543104463
  Spin= Alpha
  Occup=    0.0
4 0.00798875253048
5 0.0469933394091
6 0.0181484464453
7 -0.0555467618574
8 2.01227923213e-16
9 -1.45687352987e-16
10 0.131465067386
11 -3.58046925442e-15
12 -2.14807472101e-16
13 0.284553618266
14 0.900736349409
15 -0.445116496271
16 0.900736349409
17 -0.445116496271
  Sym=  None
  Ene=      2.94891272539
  Spin= Alpha
  Occup=    0.0
4 -1.49578377906e-16
5 -9.14202688568e-16
6 -4.1284441689e-16
7 6.03993221208e-15
8 2.60491634657e-15
9 -1.04461551636
10 3.80660535636e-14
11 -2.80856836795e-15
12 0.776395839343
13 -3.14717866137e-14
14 -4.74963867836e-15
15 -2.90592745626e-15
16 -6.85359518191e-15
17 -3.05917798168e-15
  Sym=  None
  Ene=      2.96342269723
  Spin= Alpha
  Occup=    0.0
4 -0.0039592493125
5 -0.0246454889483
6 -0.0109664367052
7 0.160917588521
8 -6.33065648514e-16
9 3.87931693716e-14
10 1.02690742114
11 1.42681005899e-16
12 -2.89431182754e-14
13 -0.84922755718
14 -0.159720027474
15 -0.0768219895246
16 -0.159720027474
17 -0.0768219895246
  Sym=  None
  Ene=      3.45557245008
  Spin= Alpha
  Occup=    0.0
4 -8.86335276007e-18
5 -1.20129600711e-16
6 1.33140026781e-16
7 -7.8062556419e-16
8 1.0969500422
9 3.00119362838e-15
10 3.16587034366e-17
11 -1.09125499604
12 -1.96213025933e-15
13 -7.2858385991e-17
14 0.174550867985
15 0.259783606401
16 -0.174550867985
17 -0.259783606401
  Sym=  None
  Ene=      12.6376682482
  Spin= Alpha
  Occup=    0.0
4 -0.104958971149
5 -1.16293663919
6 1.69998873985
7 -0.765187073043
8 -1.61220863049e-16
9 1.37715252896e-17
10 -0.0336626068297
11 -5.18248638448e-16
12 7.70833328463e-18
13 0.123909229772
14 0.0811926643846
15 0.115914160109
16 0.0811926643846
17 0.115914160109
  Sym=  None
  Ene=      155.917383049
  Spin= Alpha
  Occup=    0.0
4 1.23090074039
5 -1.23168222405
6 0.63625697008
7 -0.177613037132
8 -7.45388993584e-17
9 -1.29191570365e-16
10 -0.00837795986652
11 -1.21972744405e-16
12 1.44364470096e-17
13 0.0274723896714
14 0.0163503858093
15 0.0269675336987
16 0.0163503858093
17 0.0269675336987
