[Energy] 
E_elec: -83.0185406502
E_nuc: 9.32946299582
E_tot: -73.6890776543
SCF Details
Eigen: True
Step: 0 -71.8680115932
Step: 1 -79.9692829426
Step: 2 -82.1530726396
Step: 3 -82.8870067867
Step: 4 -82.9993279223
Step: 5 -83.0158294082
Step: 6 -83.0181575443
Step: 7 -83.0184864861
Step: 8 -83.018532954
Step: 9 -83.0185395501
Step: 10 -83.0185404918
Step: 11 -83.0185406274
Step: 12 -83.0185406472
Step: 13 -83.0185406502
[CM] 
C AO times MO
  0     1     2     3     4     5     6     7     8     9     10     11     12     13     
0 0.244530983416 -0.0530330110048 -1.51788304148e-16 0.0211081771719 1.26028268597e-16 0.0252676442931 -8.33100949338e-16 3.77302356025e-17 -0.013696236441 -1.95071416667e-17 -0.0107297808243 1.60407711419e-16 -0.108474452592 -1.33438334282 
1 0.695649181348 -0.221832421415 -6.2970462178e-16 0.0875583675748 5.31423238602e-16 0.100290282648 -3.20576898361e-15 1.22298005056e-16 -0.0588731182137 -1.46548391757e-16 -0.0509173026506 6.93672549956e-16 -0.617830042697 1.27434559918 
2 0.280866935314 0.0237285419326 8.04911692853e-16 0.0015562933244 -2.47598921873e-17 0.0635560861894 -5.48172618409e-16 -7.97972798949e-16 0.0147396138262 3.88889227215e-16 0.0531140725851 -8.23993651089e-16 1.78316303444 -0.547549683288 
3 -0.108034014608 0.827297670135 2.77555756156e-17 -0.473801947274 -2.76040664446e-15 -1.07259371963 2.69229083472e-14 -7.35522753814e-16 0.0401952955546 -2.69701549911e-16 0.188229489023 -1.88390969491e-15 -1.5929287779 0.301037275047 
4 -3.64291929955e-17 -2.70616862252e-16 0.311468437795 7.32053306862e-16 4.12239973019e-18 -6.09928774153e-15 -0.264051117283 -0.101883022417 1.04083408559e-17 -5.37978860968e-15 -8.99410754207e-15 -1.17395708414 -1.3357370765e-16 2.12883096568e-16 
5 -1.87673937332e-17 -8.54386054724e-18 -3.79093397919e-16 2.50553498024e-15 -0.409090260151 2.73102299026e-17 8.06235591812e-18 -3.48203062581e-16 6.91387671011e-17 -1.04887931753 -3.43819453957e-16 5.54021457026e-15 5.27934140114e-16 -2.11382130848e-16 
6 -0.0062323193901 -0.0651064030049 1.30451205393e-15 -0.349461475139 -2.18927907688e-15 0.183264610181 -4.94396190653e-15 1.30104260698e-17 -0.158350309044 -6.35708453141e-16 1.08448064021 -8.23928598959e-15 -0.117388482553 0.0124624719762 
7 -8.32667268469e-17 -8.32667268469e-17 0.397997145652 -1.04083408559e-16 8.05343975902e-17 -2.17881268583e-14 -0.82517826682 -0.323285212506 4.10782519111e-15 5.84565882678e-15 9.66934865509e-15 1.32421848553 2.30718222305e-16 8.47846098884e-17 
8 -9.1832808485e-19 2.93649906114e-17 5.72162838184e-16 4.44987271884e-15 -0.7437108683 1.13087265303e-16 -4.37059020195e-16 -7.28924479215e-17 -2.39559778818e-17 0.845219976143 3.12907683666e-16 -3.91581717097e-15 -2.60032816563e-16 2.52171398332e-17 
9 0.016493162185 -0.101369294051 3.12250225676e-15 -0.588404514229 -3.456743582e-15 0.542997320314 -1.18655085757e-14 -2.04003480775e-15 -0.257085071761 3.95362522149e-16 -1.04901193186 8.81759942839e-15 0.317614236797 -0.0460018820521 
10 0.00699956824921 0.0857527580444 0.17568463562 0.0981739092779 8.3686076822e-16 0.0319052016479 0.0195649712041 0.913966168298 -0.911692912217 -6.41184580812e-16 -0.180461617463 -0.137421780747 0.166376218795 -0.0202329352674 
11 0.0179553051834 0.0755663423279 0.296980419682 0.143413819022 4.1644159085e-16 0.845068681951 1.03194335501 -0.656209745654 0.462781393383 -8.24845263976e-16 -0.115674173235 -0.377783013817 0.272459532124 -0.0499228776324 
12 0.00699956824921 0.0857527580444 -0.17568463562 0.0981739092779 5.82808744568e-16 0.0319052016479 -0.0195649712041 -0.913966168298 -0.911692912217 1.07233543363e-15 -0.180461617463 0.137421780747 0.166376218795 -0.0202329352674 
13 0.0179553051834 0.0755663423279 -0.296980419682 0.143413819022 1.15038821208e-15 0.845068681951 -1.03194335501 0.656209745654 0.462781393383 7.17478442564e-16 -0.115674173235 0.377783013817 0.272459532124 -0.0499228776324 
[DM] 
D 
  0     1     2     3     4     5     6     7     8     9     10     11     12     13     
0 0.06305345725 0.183720417209 0.0674551223911 -0.0802928457266 -2.63813944222e-17 -2.80576350875e-18 -0.00544770133438 -7.85537321832e-17 -1.58176486704e-18 -0.00301113867944 -0.000763843382903 0.00341032207055 -0.000763843382903 0.00341032207055 
1 0.183720417209 0.540803874434 0.190257360208 -0.300160544274 -9.73460667465e-17 -9.17973497135e-18 -0.0204910731469 -2.99187186142e-16 -1.27545881906e-17 -0.0175592880113 -0.00555755080285 0.00828460853678 -0.00555755080285 0.00828460853678 
2 0.0674551223911 0.190257360208 0.0794517011038 -0.0114499899438 2.35190777854e-16 8.55450438507e-18 -0.00383919702167 2.94827903541e-16 2.57783685406e-17 0.00131130835442 0.00415352259741 0.00705932463127 0.00415352259741 0.00705932463127 
3 -0.0802928457266 -0.300160544274 -0.0114499899438 0.920581068564 -5.58148404195e-16 -6.2912679333e-17 0.112386454386 4.70831189264e-19 -3.10211379085e-17 0.193142801311 0.023671876092 -0.00737367147243 0.023671876092 -0.00737367147242 
4 -2.63813944222e-17 -9.73460667465e-17 2.35190777854e-16 -5.58148404195e-16 0.0970125877422 -1.19762062006e-16 1.68335831886e-16 0.123963549203 1.7514479189e-16 5.68648837205e-16 0.0547202190012 0.0925000273738 -0.0547202190012 -0.0925000273738 
5 -2.80576350875e-18 -9.17973497135e-18 8.55450438507e-18 -6.2912679333e-17 -1.19762062006e-16 0.16735484095 2.06980213149e-17 -1.83823927968e-16 0.30424487259 -5.9591410257e-17 -1.63838334277e-16 7.54002224855e-17 7.32936451291e-17 3.16441094706e-19 
6 -0.00544770133438 -0.0204910731469 -0.00383919702167 0.112386454386 1.68335831886e-16 2.06980213149e-17 0.126401008124 5.61505357338e-16 7.122543311e-17 0.212121708978 -0.0399346763254 -0.0551493606846 -0.0399346763254 -0.0551493606846 
7 -7.85537321832e-17 -2.99187186142e-16 2.94827903541e-16 4.70831189264e-19 0.123963549203 -1.83823927968e-16 5.61505357338e-16 0.158401727947 1.67824869685e-16 1.31105749062e-15 0.0699219835117 0.118197359348 -0.0699219835117 -0.118197359348 
8 -1.58176486704e-18 -1.27545881906e-17 2.57783685406e-17 -3.10211379085e-17 1.7514479189e-16 0.30424487259 7.122543311e-17 1.67824869685e-16 0.553105855627 -5.04992791572e-17 -8.24891272048e-17 5.00584779524e-16 -9.45883155851e-17 -3.85101619056e-16 
9 -0.00301113867944 -0.0175592880113 0.00131130835442 0.193142801311 5.68648837205e-16 -5.9591410257e-17 0.212121708978 1.31105749062e-15 -5.04992791572e-17 0.356767630541 -0.0663432229302 -0.0917493055306 -0.0663432229302 -0.0917493055306 
10 -0.000763843382903 -0.00555755080285 0.00415352259741 0.023671876092 0.0547202190012 -1.63838334277e-16 -0.0399346763254 0.0699219835117 -8.24891272048e-17 -0.0663432229302 0.0479057371238 0.07286009373 -0.0138244452622 -0.0314896999063 
11 0.00341032207055 0.00828460853678 0.00705932463127 -0.00737367147243 0.0925000273738 7.54002224855e-17 -0.0551493606846 0.118197359348 5.00584779524e-16 -0.0917493055306 0.07286009373 0.114797558238 -0.0314896999063 -0.0615971811108 
12 -0.000763843382903 -0.00555755080285 0.00415352259741 0.023671876092 -0.0547202190012 7.32936451291e-17 -0.0399346763254 -0.0699219835117 -9.45883155851e-17 -0.0663432229302 -0.0138244452622 -0.0314896999063 0.0479057371238 0.07286009373 
13 0.00341032207055 0.00828460853678 0.00705932463127 -0.00737367147242 -0.0925000273738 3.16441094706e-19 -0.0551493606846 -0.118197359348 -3.85101619056e-16 -0.0917493055306 -0.0314896999063 -0.0615971811108 0.07286009373 0.114797558238 
[NMO] 
NMO 
  0     
0 -2.71876747574e-16 -2.21695372619e-16 -6.62268748314e-17 -3.62370186495e-17 -1.29921471372e-17 1.60814391587e-17 1.98673708356e-17 4.61901907856e-17 1.40899634099e-16 0.412165489091 0.493539237424 0.57681221724 0.720460696578 1.18536270267 
[MOE] 
MOE 
0 -20.0162770264
1 -1.33669620383
2 -0.667623548772
3 -0.504175457829
4 -0.443357039539
5 0.356712467101
6 0.48211419636
7 1.58326606177
8 1.65549189159
9 2.41061309162
10 2.52277698627
11 2.73841480257
12 4.47551048492
13 82.7088572158
[INPUT] 
mol = [(8,(0.0,0.0,0.0916858011029)),
(1,(1.42296788349,0.0,-0.981209549317)),
(1,(-1.42296788349,0.0,-0.981209549317)),
basis = [[(0,0,0),76.29547746,18.3985750482,(0.0,0.0,0.0916858011029)],
]
[(0,0,0),15.6151978439,5.59848746999,(0.0,0.0,0.0916858011029)],
]
[(0,0,0),1.91785443473,1.16150697746,(0.0,0.0,0.0916858011029)],
]
[(0,0,0),0.487579876574,0.415857388582,(0.0,0.0,0.0916858011029)],
]
[(1,0,0),2.07067426388,3.54062409125,(0.0,0.0,0.0916858011029)],
]
[(0,1,0),2.28692568271,4.00871473633,(0.0,0.0,0.0916858011029)],
]
[(0,0,1),2.17693740568,3.76918552947,(0.0,0.0,0.0916858011029)],
]
[(1,0,0),0.491475225055,0.58656632408,(0.0,0.0,0.0916858011029)],
]
[(0,1,0),0.434562952802,0.502928169957,(0.0,0.0,0.0916858011029)],
]
[(0,0,1),0.457867458552,0.536864652982,(0.0,0.0,0.0916858011029)],
]
[(0,0,0),1.31888941963,0.877134877988,(1.42296788349,0.0,-0.981209549317)],
]
[(0,0,0),0.233190175228,0.239162331648,(1.42296788349,0.0,-0.981209549317)],
]
[(0,0,0),1.31888941963,0.877134877988,(-1.42296788349,0.0,-0.981209549317)],
]
[(0,0,0),0.233190175228,0.239162331648,(-1.42296788349,0.0,-0.981209549317)],
]
[Atoms]
O 1 8 0.0 0.0 0.0916858011029
H 2 1 1.42296788349 0.0 -0.981209549317
H 3 1 -1.42296788349 0.0 -0.981209549317
XX 4 0 0.0 0.0 0.0916858011029
XX 5 0 0.0 0.0 0.0916858011029
XX 6 0 0.0 0.0 0.0916858011029
XX 7 0 0.0 0.0 0.0916858011029
XX 8 0 0.0 0.0 0.0916858011029
XX 9 0 0.0 0.0 0.0916858011029
XX 10 0 0.0 0.0 0.0916858011029
XX 11 0 0.0 0.0 0.0916858011029
XX 12 0 0.0 0.0 0.0916858011029
XX 13 0 0.0 0.0 0.0916858011029
XX 14 0 1.42296788349 0.0 -0.981209549317
XX 15 0 1.42296788349 0.0 -0.981209549317
XX 16 0 -1.42296788349 0.0 -0.981209549317
XX 17 0 -1.42296788349 0.0 -0.981209549317
[GTO]
  4  0
 s   1 1.0 0 0 0
  76.29547746 18.3985750482
  
  5  0
 s   1 1.0 0 0 0
  15.6151978439 5.59848746999
  
  6  0
 s   1 1.0 0 0 0
  1.91785443473 1.16150697746
  
  7  0
 s   1 1.0 0 0 0
  0.487579876574 0.415857388582
  
  8  0
 p   1 1.0 1 0 0
  2.07067426388 3.54062409125
  
  9  0
 p   1 1.0 0 1 0
  2.28692568271 4.00871473633
  
  10  0
 p   1 1.0 0 0 1
  2.17693740568 3.76918552947
  
  11  0
 p   1 1.0 1 0 0
  0.491475225055 0.58656632408
  
  12  0
 p   1 1.0 0 1 0
  0.434562952802 0.502928169957
  
  13  0
 p   1 1.0 0 0 1
  0.457867458552 0.536864652982
  
  14  0
 s   1 1.0 0 0 0
  1.31888941963 0.877134877988
  
  15  0
 s   1 1.0 0 0 0
  0.233190175228 0.239162331648
  
  16  0
 s   1 1.0 0 0 0
  1.31888941963 0.877134877988
  
  17  0
 s   1 1.0 0 0 0
  0.233190175228 0.239162331648
  
[MO]
  Sym=  None
  Ene=      -20.0162770264
  Spin= Alpha
  Occup=    2.0
4 0.244530983416
5 0.695649181348
6 0.280866935314
7 -0.108034014608
8 -3.64291929955e-17
9 -1.87673937332e-17
10 -0.0062323193901
11 -8.32667268469e-17
12 -9.1832808485e-19
13 0.016493162185
14 0.00699956824921
15 0.0179553051834
16 0.00699956824921
17 0.0179553051834
  Sym=  None
  Ene=      -1.33669620383
  Spin= Alpha
  Occup=    2.0
4 -0.0530330110048
5 -0.221832421415
6 0.0237285419326
7 0.827297670135
8 -2.70616862252e-16
9 -8.54386054724e-18
10 -0.0651064030049
11 -8.32667268469e-17
12 2.93649906114e-17
13 -0.101369294051
14 0.0857527580444
15 0.0755663423279
16 0.0857527580444
17 0.0755663423279
  Sym=  None
  Ene=      -0.667623548772
  Spin= Alpha
  Occup=    2.0
4 -1.51788304148e-16
5 -6.2970462178e-16
6 8.04911692853e-16
7 2.77555756156e-17
8 0.311468437795
9 -3.79093397919e-16
10 1.30451205393e-15
11 0.397997145652
12 5.72162838184e-16
13 3.12250225676e-15
14 0.17568463562
15 0.296980419682
16 -0.17568463562
17 -0.296980419682
  Sym=  None
  Ene=      -0.504175457829
  Spin= Alpha
  Occup=    2.0
4 0.0211081771719
5 0.0875583675748
6 0.0015562933244
7 -0.473801947274
8 7.32053306862e-16
9 2.50553498024e-15
10 -0.349461475139
11 -1.04083408559e-16
12 4.44987271884e-15
13 -0.588404514229
14 0.0981739092779
15 0.143413819022
16 0.0981739092779
17 0.143413819022
  Sym=  None
  Ene=      -0.443357039539
  Spin= Alpha
  Occup=    2.0
4 1.26028268597e-16
5 5.31423238602e-16
6 -2.47598921873e-17
7 -2.76040664446e-15
8 4.12239973019e-18
9 -0.409090260151
10 -2.18927907688e-15
11 8.05343975902e-17
12 -0.7437108683
13 -3.456743582e-15
14 8.3686076822e-16
15 4.1644159085e-16
16 5.82808744568e-16
17 1.15038821208e-15
  Sym=  None
  Ene=      0.356712467101
  Spin= Alpha
  Occup=    2.0
4 0.0252676442931
5 0.100290282648
6 0.0635560861894
7 -1.07259371963
8 -6.09928774153e-15
9 2.73102299026e-17
10 0.183264610181
11 -2.17881268583e-14
12 1.13087265303e-16
13 0.542997320314
14 0.0319052016479
15 0.845068681951
16 0.0319052016479
17 0.845068681951
  Sym=  None
  Ene=      0.48211419636
  Spin= Alpha
  Occup=    0.0
4 -8.33100949338e-16
5 -3.20576898361e-15
6 -5.48172618409e-16
7 2.69229083472e-14
8 -0.264051117283
9 8.06235591812e-18
10 -4.94396190653e-15
11 -0.82517826682
12 -4.37059020195e-16
13 -1.18655085757e-14
14 0.0195649712041
15 1.03194335501
16 -0.0195649712041
17 -1.03194335501
  Sym=  None
  Ene=      1.58326606177
  Spin= Alpha
  Occup=    0.0
4 3.77302356025e-17
5 1.22298005056e-16
6 -7.97972798949e-16
7 -7.35522753814e-16
8 -0.101883022417
9 -3.48203062581e-16
10 1.30104260698e-17
11 -0.323285212506
12 -7.28924479215e-17
13 -2.04003480775e-15
14 0.913966168298
15 -0.656209745654
16 -0.913966168298
17 0.656209745654
  Sym=  None
  Ene=      1.65549189159
  Spin= Alpha
  Occup=    0.0
4 -0.013696236441
5 -0.0588731182137
6 0.0147396138262
7 0.0401952955546
8 1.04083408559e-17
9 6.91387671011e-17
10 -0.158350309044
11 4.10782519111e-15
12 -2.39559778818e-17
13 -0.257085071761
14 -0.911692912217
15 0.462781393383
16 -0.911692912217
17 0.462781393383
  Sym=  None
  Ene=      2.41061309162
  Spin= Alpha
  Occup=    0.0
4 -1.95071416667e-17
5 -1.46548391757e-16
6 3.88889227215e-16
7 -2.69701549911e-16
8 -5.37978860968e-15
9 -1.04887931753
10 -6.35708453141e-16
11 5.84565882678e-15
12 0.845219976143
13 3.95362522149e-16
14 -6.41184580812e-16
15 -8.24845263976e-16
16 1.07233543363e-15
17 7.17478442564e-16
  Sym=  None
  Ene=      2.52277698627
  Spin= Alpha
  Occup=    0.0
4 -0.0107297808243
5 -0.0509173026506
6 0.0531140725851
7 0.188229489023
8 -8.99410754207e-15
9 -3.43819453957e-16
10 1.08448064021
11 9.66934865509e-15
12 3.12907683666e-16
13 -1.04901193186
14 -0.180461617463
15 -0.115674173235
16 -0.180461617463
17 -0.115674173235
  Sym=  None
  Ene=      2.73841480257
  Spin= Alpha
  Occup=    0.0
4 1.60407711419e-16
5 6.93672549956e-16
6 -8.23993651089e-16
7 -1.88390969491e-15
8 -1.17395708414
9 5.54021457026e-15
10 -8.23928598959e-15
11 1.32421848553
12 -3.91581717097e-15
13 8.81759942839e-15
14 -0.137421780747
15 -0.377783013817
16 0.137421780747
17 0.377783013817
  Sym=  None
  Ene=      4.47551048492
  Spin= Alpha
  Occup=    0.0
4 -0.108474452592
5 -0.617830042697
6 1.78316303444
7 -1.5929287779
8 -1.3357370765e-16
9 5.27934140114e-16
10 -0.117388482553
11 2.30718222305e-16
12 -2.60032816563e-16
13 0.317614236797
14 0.166376218795
15 0.272459532124
16 0.166376218795
17 0.272459532124
  Sym=  None
  Ene=      82.7088572158
  Spin= Alpha
  Occup=    0.0
4 -1.33438334282
5 1.27434559918
6 -0.547549683288
7 0.301037275047
8 2.12883096568e-16
9 -2.11382130848e-16
10 0.0124624719762
11 8.47846098884e-17
12 2.52171398332e-17
13 -0.0460018820521
14 -0.0202329352674
15 -0.0499228776324
16 -0.0202329352674
17 -0.0499228776324
