[Energy] 
E_elec: -83.3967203768
E_nuc: 9.32946299582
E_tot: -74.067257381
SCF Details
Eigen: True
Step: 0 -71.3891120067
Step: 1 -80.2612687072
Step: 2 -82.5116181838
Step: 3 -83.2648908795
Step: 4 -83.377450537
Step: 5 -83.3939865641
Step: 6 -83.3963317009
Step: 7 -83.3966651462
Step: 8 -83.3967125075
Step: 9 -83.3967192529
Step: 10 -83.396720216
Step: 11 -83.396720354
Step: 12 -83.3967203739
Step: 13 -83.3967203768
[CM] 
C AO times MO
  0     1     2     3     4     5     6     7     8     9     10     11     12     13     
0 0.235435976391 -0.0507496575476 2.36356073602e-17 -0.0196569102451 2.96500580923e-17 -0.02557283697 7.56773116395e-16 -1.14058068545e-16 -0.0131036032821 -4.63498745888e-17 -0.00857469175027 1.19370659191e-16 0.111019745251 -1.28713552943 
1 0.70368081165 -0.223119898485 1.10154940725e-16 -0.0863964760344 1.29098305262e-16 -0.106574731776 3.25781068788e-15 -6.18428919186e-16 -0.0599903994666 -2.31770138786e-16 -0.042267463154 5.67905097948e-16 0.693525016081 1.23313110708 
2 0.262079223464 0.0012826785513 -1.66533453694e-16 -0.00491325445082 4.0491723451e-17 -0.0665328618311 -3.46944695195e-17 1.5092094241e-15 0.0124013790697 3.43118862842e-17 0.0267300860217 -6.97358837343e-16 -1.75704269147 -0.564519650143 
3 -0.0799525702069 0.835720566581 -3.1918911958e-16 0.43710454805 -8.65336696389e-16 1.05974475932 -2.25375273999e-14 7.49400541622e-16 0.0453378503623 1.74075451516e-15 0.19436312632 -8.60422844084e-16 1.43631789519 0.282698756299 
4 5.31259064518e-17 -1.73472347598e-17 -0.305847971871 5.48172618409e-16 -4.52144560452e-16 4.58660887048e-15 0.258818420412 0.107520825072 3.98986399475e-16 1.44193240019e-15 -5.07558405027e-15 -1.14406743743 -5.56195714485e-17 -4.14707330976e-17 
5 2.10070075127e-17 3.08674040863e-18 -8.44382070198e-16 5.8063656885e-16 0.396636761878 3.94459740734e-17 -4.45467714677e-17 1.68313197319e-16 7.607047422e-16 1.02633240585 -8.41863016889e-15 1.29946587812e-15 -2.4793378049e-16 8.76059752487e-17 
6 -0.00472629000698 -0.0639167937048 9.37618038765e-16 0.343776536556 -4.29081696634e-16 -0.175025802044 4.76181594156e-15 -2.59514632006e-15 -0.145218254316 8.37671225201e-15 1.04416671728 -4.83033751886e-15 0.0834804118889 0.0102045165033 
7 -6.85215773011e-17 8.04911692853e-16 -0.424921340008 1.14491749414e-15 -3.93306005919e-16 1.80133685745e-14 0.829031097202 0.310799645796 3.51108031538e-15 -1.38783133498e-15 6.38898656202e-15 1.26890764195 -5.6465249143e-16 -5.00901403688e-17 
8 1.61784153199e-18 -7.13118814226e-17 -1.66013236912e-15 9.79330198912e-16 0.767309332742 2.4357453372e-16 -3.16445107296e-17 -1.01746430384e-16 -5.28057895829e-16 -0.78861607646 6.2943599926e-15 -1.03925729648e-15 6.82700109319e-17 -1.54156576556e-17 
9 0.0123809660413 -0.0989320111344 1.76247905159e-15 0.631076814996 -5.97251252618e-16 -0.539219252454 1.03805852802e-14 4.10088629721e-15 -0.272049969935 -7.43028044172e-15 -0.964410970369 4.44436154545e-15 -0.268899384202 -0.0434806364576 
10 0.00580480506096 0.0853480445062 -0.172491631306 -0.0932333386444 -2.78976792244e-16 -0.0347933977252 -0.025706029112 -0.910354736085 -0.910906371429 -3.38997274504e-16 -0.166646071249 -0.145335754313 -0.15470027844 -0.0213305008514 
11 0.0131136073361 0.0850382409514 -0.284042284626 -0.113563048569 -5.72421855271e-16 -0.831251343971 -1.03261173765 0.658716616746 0.457361153481 -9.4467600824e-16 -0.113236965906 -0.358458014301 -0.239031776176 -0.0460335766578 
12 0.00580480506096 0.0853480445062 0.172491631306 -0.0932333386444 5.23735416172e-16 -0.0347933977253 0.025706029112 0.910354736085 -0.910906371429 -8.10526889882e-16 -0.166646071249 0.145335754313 -0.15470027844 -0.0213305008514 
13 0.0131136073361 0.0850382409514 0.284042284626 -0.113563048569 1.37809567237e-15 -0.831251343971 1.03261173765 -0.658716616746 0.457361153481 -1.86274341895e-15 -0.113236965906 0.358458014301 -0.239031776176 -0.0460335766578 
[DM] 
D 
  0     1     2     3     4     5     6     7     8     9     10     11     12     13     
0 0.0583920208408 0.178693325174 0.0617343617726 -0.0698283688599 -4.61616665335e-18 5.13593641843e-18 -0.00462656783391 -8.9530251596e-17 7.5001121322e-18 -0.00446932979599 -0.00113204471417 0.00100405199335 -0.00113204471417 0.00100405199335 
1 0.178693325174 0.552413524856 0.184558417446 -0.280491270085 -3.9796653471e-17 1.5133695248e-17 -0.0187657723671 -3.73533156195e-16 3.14972001948e-17 -0.0237368644084 -0.00690308518158 6.55173695954e-05 -0.00690308518158 6.55173695944e-05 
2 0.0617343617726 0.184558417446 0.068711304705 -0.0220295525343 6.21415528865e-17 1.87171503782e-17 -0.00300970871357 4.82127085204e-17 2.65905112758e-17 1.72550270339e-05 0.00208887202488 0.004103844909 0.00208887202488 0.004103844909 
3 -0.0698283688599 -0.280491270085 -0.0220295525343 0.895881664816 3.18487095862e-16 -8.85253719814e-17 0.0972275876263 1.31423864446e-15 -2.95637395651e-16 0.192177139549 0.0301102906758 0.0203808152778 0.0301102906758 0.0203808152778 
4 -4.61616665335e-18 -3.9796653471e-17 6.21415528865e-17 3.18487095862e-16 0.0935429818976 7.89153892957e-17 -9.74620001699e-17 0.129961330046 1.60813377148e-16 -1.90737666436e-16 0.0527562155997 0.0868737566785 -0.0527562155997 -0.0868737566785 
5 5.13593641843e-18 1.5133695248e-17 1.87171503782e-17 -8.85253719814e-17 7.89153892957e-17 0.157320720873 2.91230741434e-17 2.02796340133e-16 0.304343089098 1.29489183284e-16 -1.87529077923e-17 -5.26042290333e-17 8.33458180585e-18 2.41362302483e-16 
6 -0.00462656783391 -0.0187657723671 -0.00300970871357 0.0972275876263 -9.74620001699e-17 2.91230741434e-17 0.122290001421 -5.59416644449e-17 1.19827340162e-17 0.223214302671 -0.0375340427967 -0.044537661933 -0.0375340427967 -0.044537661933 
7 -8.9530251596e-17 -3.73533156195e-16 4.82127085204e-17 1.31423864446e-15 0.129961330046 2.02796340133e-16 -5.59416644449e-17 0.180558145194 4.03638301911e-16 -1.06863970583e-16 0.0732953751148 0.120695628202 -0.0732953751148 -0.120695628202 
8 7.5001121322e-18 3.14972001948e-17 2.65905112758e-17 -2.95637395651e-16 1.60813377148e-16 0.304343089098 1.19827340162e-17 4.03638301911e-16 0.588763612113 1.66831180921e-16 -2.5085718229e-17 -8.49355850701e-17 1.81249697292e-17 4.68619135753e-16 
9 -0.00446932979599 -0.0237368644084 1.72550270339e-05 0.192177139549 -1.90737666436e-16 1.29489183284e-16 0.223214302671 -1.06863970583e-16 1.66831180921e-16 0.408198777572 -0.0672091829981 -0.0799176520656 -0.0672091829981 -0.0799176520656 
10 -0.00113204471417 -0.00690308518158 0.00208887202488 0.0301102906758 0.0527562155997 -1.87529077923e-17 -0.0375340427967 0.0732953751148 -2.5085718229e-17 -0.0672091829981 0.0457638027683 0.0669167487075 -0.0137429229731 -0.0310730853627 
11 0.00100405199335 6.55173695954e-05 0.004103844909 0.0203808152778 0.0868737566785 -5.26042290333e-17 -0.044537661933 0.120695628202 -8.49355850701e-17 -0.0799176520656 0.0669167487075 0.100980054577 -0.0310730853627 -0.0603799843339 
12 -0.00113204471417 -0.00690308518158 0.00208887202488 0.0301102906758 -0.0527562155997 8.33458180585e-18 -0.0375340427967 -0.0732953751148 1.81249697292e-17 -0.0672091829981 -0.0137429229731 -0.0310730853627 0.0457638027683 0.0669167487075 
13 0.00100405199335 6.55173695944e-05 0.004103844909 0.0203808152778 -0.0868737566785 2.41362302483e-16 -0.044537661933 -0.120695628202 4.68619135753e-16 -0.0799176520656 -0.0310730853627 -0.0603799843339 0.0669167487075 0.100980054577 
[NMO] 
NMO 
  0     
0 -7.37463509567e-17 -3.95751544353e-17 -1.61335365248e-17 -7.36425757033e-18 9.22112095176e-18 1.26859052882e-17 3.99419158596e-17 4.7619039576e-17 2.40722305355e-16 0.433875442806 0.494967891745 0.591788625858 0.746084332986 1.15284417558 
[MOE] 
MOE 
0 -20.1776827976
1 -1.35268591281
2 -0.679670652643
3 -0.516829341655
4 -0.449561875694
5 0.35352415838
6 0.469846816455
7 1.58280636464
8 1.65400630857
9 2.48639666301
10 2.56242024061
11 2.82600195798
12 5.18660431755
13 89.1995136902
[INPUT] 
mol = [(8,(0.0,0.0,0.0916858011029)),
(1,(1.42296788349,0.0,-0.981209549317)),
(1,(-1.42296788349,0.0,-0.981209549317)),
basis = [[(0,0,0),83.9845416263,19.7724100919,(0.0,0.0,0.0916858011029)],
]
[(0,0,0),15.4000328383,5.54053021226,(0.0,0.0,0.0916858011029)],
]
[(0,0,0),2.22364876654,1.29780587156,(0.0,0.0,0.0916858011029)],
]
[(0,0,0),0.520225951294,0.436570214353,(0.0,0.0,0.0916858011029)],
]
[(1,0,0),2.21838126302,3.85909369933,(0.0,0.0,0.0916858011029)],
]
[(0,1,0),2.4964737634,4.47299945913,(0.0,0.0,0.0916858011029)],
]
[(0,0,1),2.40446637788,4.26789251797,(0.0,0.0,0.0916858011029)],
]
[(1,0,0),0.493197699562,0.589137124503,(0.0,0.0,0.0916858011029)],
]
[(0,1,0),0.42453785033,0.488467427032,(0.0,0.0,0.0916858011029)],
]
[(0,0,1),0.436731282932,0.506066937353,(0.0,0.0,0.0916858011029)],
]
[(0,0,0),1.32923531192,0.882290280077,(1.42296788349,0.0,-0.981209549317)],
]
[(0,0,0),0.232902054731,0.23894067281,(1.42296788349,0.0,-0.981209549317)],
]
[(0,0,0),1.32923531192,0.882290280077,(-1.42296788349,0.0,-0.981209549317)],
]
[(0,0,0),0.232902054731,0.23894067281,(-1.42296788349,0.0,-0.981209549317)],
]
[Atoms]
O 1 8 0.0 0.0 0.0916858011029
H 2 1 1.42296788349 0.0 -0.981209549317
H 3 1 -1.42296788349 0.0 -0.981209549317
XX 4 0 0.0 0.0 0.0916858011029
XX 5 0 0.0 0.0 0.0916858011029
XX 6 0 0.0 0.0 0.0916858011029
XX 7 0 0.0 0.0 0.0916858011029
XX 8 0 0.0 0.0 0.0916858011029
XX 9 0 0.0 0.0 0.0916858011029
XX 10 0 0.0 0.0 0.0916858011029
XX 11 0 0.0 0.0 0.0916858011029
XX 12 0 0.0 0.0 0.0916858011029
XX 13 0 0.0 0.0 0.0916858011029
XX 14 0 1.42296788349 0.0 -0.981209549317
XX 15 0 1.42296788349 0.0 -0.981209549317
XX 16 0 -1.42296788349 0.0 -0.981209549317
XX 17 0 -1.42296788349 0.0 -0.981209549317
[GTO]
  4  0
 s   1 1.0 0 0 0
  83.9845416263 19.7724100919
  
  5  0
 s   1 1.0 0 0 0
  15.4000328383 5.54053021226
  
  6  0
 s   1 1.0 0 0 0
  2.22364876654 1.29780587156
  
  7  0
 s   1 1.0 0 0 0
  0.520225951294 0.436570214353
  
  8  0
 p   1 1.0 1 0 0
  2.21838126302 3.85909369933
  
  9  0
 p   1 1.0 0 1 0
  2.4964737634 4.47299945913
  
  10  0
 p   1 1.0 0 0 1
  2.40446637788 4.26789251797
  
  11  0
 p   1 1.0 1 0 0
  0.493197699562 0.589137124503
  
  12  0
 p   1 1.0 0 1 0
  0.42453785033 0.488467427032
  
  13  0
 p   1 1.0 0 0 1
  0.436731282932 0.506066937353
  
  14  0
 s   1 1.0 0 0 0
  1.32923531192 0.882290280077
  
  15  0
 s   1 1.0 0 0 0
  0.232902054731 0.23894067281
  
  16  0
 s   1 1.0 0 0 0
  1.32923531192 0.882290280077
  
  17  0
 s   1 1.0 0 0 0
  0.232902054731 0.23894067281
  
[MO]
  Sym=  None
  Ene=      -20.1776827976
  Spin= Alpha
  Occup=    2.0
4 0.235435976391
5 0.70368081165
6 0.262079223464
7 -0.0799525702069
8 5.31259064518e-17
9 2.10070075127e-17
10 -0.00472629000698
11 -6.85215773011e-17
12 1.61784153199e-18
13 0.0123809660413
14 0.00580480506096
15 0.0131136073361
16 0.00580480506096
17 0.0131136073361
  Sym=  None
  Ene=      -1.35268591281
  Spin= Alpha
  Occup=    2.0
4 -0.0507496575476
5 -0.223119898485
6 0.0012826785513
7 0.835720566581
8 -1.73472347598e-17
9 3.08674040863e-18
10 -0.0639167937048
11 8.04911692853e-16
12 -7.13118814226e-17
13 -0.0989320111344
14 0.0853480445062
15 0.0850382409514
16 0.0853480445062
17 0.0850382409514
  Sym=  None
  Ene=      -0.679670652643
  Spin= Alpha
  Occup=    2.0
4 2.36356073602e-17
5 1.10154940725e-16
6 -1.66533453694e-16
7 -3.1918911958e-16
8 -0.305847971871
9 -8.44382070198e-16
10 9.37618038765e-16
11 -0.424921340008
12 -1.66013236912e-15
13 1.76247905159e-15
14 -0.172491631306
15 -0.284042284626
16 0.172491631306
17 0.284042284626
  Sym=  None
  Ene=      -0.516829341655
  Spin= Alpha
  Occup=    2.0
4 -0.0196569102451
5 -0.0863964760344
6 -0.00491325445082
7 0.43710454805
8 5.48172618409e-16
9 5.8063656885e-16
10 0.343776536556
11 1.14491749414e-15
12 9.79330198912e-16
13 0.631076814996
14 -0.0932333386444
15 -0.113563048569
16 -0.0932333386444
17 -0.113563048569
  Sym=  None
  Ene=      -0.449561875694
  Spin= Alpha
  Occup=    2.0
4 2.96500580923e-17
5 1.29098305262e-16
6 4.0491723451e-17
7 -8.65336696389e-16
8 -4.52144560452e-16
9 0.396636761878
10 -4.29081696634e-16
11 -3.93306005919e-16
12 0.767309332742
13 -5.97251252618e-16
14 -2.78976792244e-16
15 -5.72421855271e-16
16 5.23735416172e-16
17 1.37809567237e-15
  Sym=  None
  Ene=      0.35352415838
  Spin= Alpha
  Occup=    2.0
4 -0.02557283697
5 -0.106574731776
6 -0.0665328618311
7 1.05974475932
8 4.58660887048e-15
9 3.94459740734e-17
10 -0.175025802044
11 1.80133685745e-14
12 2.4357453372e-16
13 -0.539219252454
14 -0.0347933977252
15 -0.831251343971
16 -0.0347933977253
17 -0.831251343971
  Sym=  None
  Ene=      0.469846816455
  Spin= Alpha
  Occup=    0.0
4 7.56773116395e-16
5 3.25781068788e-15
6 -3.46944695195e-17
7 -2.25375273999e-14
8 0.258818420412
9 -4.45467714677e-17
10 4.76181594156e-15
11 0.829031097202
12 -3.16445107296e-17
13 1.03805852802e-14
14 -0.025706029112
15 -1.03261173765
16 0.025706029112
17 1.03261173765
  Sym=  None
  Ene=      1.58280636464
  Spin= Alpha
  Occup=    0.0
4 -1.14058068545e-16
5 -6.18428919186e-16
6 1.5092094241e-15
7 7.49400541622e-16
8 0.107520825072
9 1.68313197319e-16
10 -2.59514632006e-15
11 0.310799645796
12 -1.01746430384e-16
13 4.10088629721e-15
14 -0.910354736085
15 0.658716616746
16 0.910354736085
17 -0.658716616746
  Sym=  None
  Ene=      1.65400630857
  Spin= Alpha
  Occup=    0.0
4 -0.0131036032821
5 -0.0599903994666
6 0.0124013790697
7 0.0453378503623
8 3.98986399475e-16
9 7.607047422e-16
10 -0.145218254316
11 3.51108031538e-15
12 -5.28057895829e-16
13 -0.272049969935
14 -0.910906371429
15 0.457361153481
16 -0.910906371429
17 0.457361153481
  Sym=  None
  Ene=      2.48639666301
  Spin= Alpha
  Occup=    0.0
4 -4.63498745888e-17
5 -2.31770138786e-16
6 3.43118862842e-17
7 1.74075451516e-15
8 1.44193240019e-15
9 1.02633240585
10 8.37671225201e-15
11 -1.38783133498e-15
12 -0.78861607646
13 -7.43028044172e-15
14 -3.38997274504e-16
15 -9.4467600824e-16
16 -8.10526889882e-16
17 -1.86274341895e-15
  Sym=  None
  Ene=      2.56242024061
  Spin= Alpha
  Occup=    0.0
4 -0.00857469175027
5 -0.042267463154
6 0.0267300860217
7 0.19436312632
8 -5.07558405027e-15
9 -8.41863016889e-15
10 1.04416671728
11 6.38898656202e-15
12 6.2943599926e-15
13 -0.964410970369
14 -0.166646071249
15 -0.113236965906
16 -0.166646071249
17 -0.113236965906
  Sym=  None
  Ene=      2.82600195798
  Spin= Alpha
  Occup=    0.0
4 1.19370659191e-16
5 5.67905097948e-16
6 -6.97358837343e-16
7 -8.60422844084e-16
8 -1.14406743743
9 1.29946587812e-15
10 -4.83033751886e-15
11 1.26890764195
12 -1.03925729648e-15
13 4.44436154545e-15
14 -0.145335754313
15 -0.358458014301
16 0.145335754313
17 0.358458014301
  Sym=  None
  Ene=      5.18660431755
  Spin= Alpha
  Occup=    0.0
4 0.111019745251
5 0.693525016081
6 -1.75704269147
7 1.43631789519
8 -5.56195714485e-17
9 -2.4793378049e-16
10 0.0834804118889
11 -5.6465249143e-16
12 6.82700109319e-17
13 -0.268899384202
14 -0.15470027844
15 -0.239031776176
16 -0.15470027844
17 -0.239031776176
  Sym=  None
  Ene=      89.1995136902
  Spin= Alpha
  Occup=    0.0
4 -1.28713552943
5 1.23313110708
6 -0.564519650143
7 0.282698756299
8 -4.14707330976e-17
9 8.76059752487e-17
10 0.0102045165033
11 -5.00901403688e-17
12 -1.54156576556e-17
13 -0.0434806364576
14 -0.0213305008514
15 -0.0460335766578
16 -0.0213305008514
17 -0.0460335766578
