[Energy] 
E_elec: -83.999129332
E_nuc: 9.32946299582
E_tot: -74.6696663361
SCF Details
Eigen: True
Step: 0 -71.7365435949
Step: 1 -81.0615324721
Step: 2 -83.2182280373
Step: 3 -83.9098592229
Step: 4 -83.9887675613
Step: 5 -83.9979331682
Step: 6 -83.9989884415
Step: 7 -83.9991121982
Step: 8 -83.9991271337
Step: 9 -83.9991290289
Step: 10 -83.9991292871
Step: 11 -83.9991293256
Step: 12 -83.999129332
[CM] 
C AO times MO
  0     1     2     3     4     5     6     7     8     9     10     11     12     13     
0 -0.161020846421 0.0339234311159 3.33934269126e-17 0.0135271536057 -1.29212600656e-17 -0.0211589473382 -6.41414005242e-16 1.07336015076e-16 0.00796121995486 1.10496179408e-16 0.00401410710337 -8.83624770576e-18 0.104949263332 1.23091616476 
1 -0.637185514726 0.181381498311 2.19442519711e-16 0.0728603394413 -7.09128886816e-17 -0.107001144631 -3.29423988088e-15 5.12610787151e-16 0.0471579565405 5.82489723682e-16 0.0233640332048 -1.07769695945e-16 1.16292038745 -1.23168162292 
2 -0.34143162691 0.119891192246 -7.97972798949e-17 0.0506764330589 -5.24989557584e-17 -0.107357938004 -3.40352745987e-15 4.33680868994e-16 0.0176588097351 4.90898467095e-16 0.0130484656001 1.43548367637e-16 -1.69992025155 0.636203204237 
3 -0.00454835681497 -0.808411408929 3.05311331772e-16 -0.413233603191 4.90497612584e-16 0.973874714702 3.2279734441e-14 1.55431223448e-15 -0.054479752771 -4.94851415342e-15 -0.163057633676 -1.23165366794e-15 0.764936270536 -0.177460287783 
4 7.29668062083e-17 4.7878367937e-16 -0.258872257577 1.4224732503e-16 -1.05716451215e-15 -6.32827124036e-15 0.236305395367 -0.12397401043 4.48599490888e-15 6.65983572165e-15 9.90960785652e-16 1.09695040791 2.15322551456e-16 -1.8637435345e-16 
5 3.51086702793e-18 5.91091444688e-17 -1.89780345159e-15 1.08458929037e-16 0.364488308587 -1.57106224631e-16 2.17999837268e-16 2.22368188668e-16 -4.42919586213e-16 -1.04461915258 3.17559638559e-14 7.74915718227e-15 -2.97824551582e-16 1.88813485905e-16 
6 0.00235203975552 0.0554235075958 -4.57966997658e-16 -0.307108978503 5.95474618417e-17 -0.16066046817 -6.35602681598e-15 -2.25947732746e-15 0.13175258624 -3.10373108843e-14 -1.02692594861 3.90312782095e-16 0.0299379237075 -0.00578927236708 
7 -8.67361737988e-19 -4.30211422042e-16 -0.474250636441 -3.98986399475e-16 -2.84020617119e-15 -2.49800180541e-14 0.831461417836 -0.287495782588 6.5780714209e-15 -7.33541592342e-15 1.31838984174e-16 -1.09119998797 -1.27502175484e-16 1.30104260698e-16 
8 4.08912410691e-18 3.50217573434e-17 -4.39105667609e-15 3.62536577871e-16 0.78822751274 -6.36012292042e-17 3.48152913862e-16 -3.43131035856e-16 4.7973498607e-16 0.776387975946 -2.3512502513e-14 -5.52825901537e-15 1.76080561173e-16 -5.38580322848e-17 
9 -0.000420601379532 0.0652374354139 -2.57432963835e-15 -0.695951837291 5.78237139866e-17 -0.502616409277 -2.07611705605e-14 4.98906471691e-15 0.283788101321 2.55277332726e-14 0.849567888263 2.08166817117e-16 -0.122639123989 0.0266632557158 
10 -0.000199782395937 -0.0945467500133 -0.16281644613 0.0820662236212 -7.53070322921e-16 -0.0190453326165 -0.0244719976334 0.895630828088 0.900637691461 5.7949721539e-15 0.160228816294 0.174643359556 -0.0810557149418 0.0162597540573 
11 -3.57265208913e-05 -0.150470611116 -0.303449282569 0.0836547253179 -1.53020103809e-15 -0.743714019373 -0.996650307318 -0.654777542031 -0.445526655847 4.38714166782e-15 0.0771340325961 0.259649601498 -0.11577110592 0.0268805950298 
12 -0.000199782395937 -0.0945467500133 0.16281644613 0.0820662236212 7.47313162135e-16 -0.0190453326165 0.0244719976334 -0.895630828088 0.900637691461 2.55528190616e-15 0.160228816294 -0.174643359556 -0.0810557149418 0.0162597540573 
13 -3.57265208914e-05 -0.150470611116 0.303449282569 0.0836547253179 1.00503508009e-15 -0.743714019373 0.996650307318 0.654777542031 -0.445526655847 1.14471903939e-15 0.0771340325961 -0.259649601498 -0.11577110592 0.0268805950298 
[DM] 
D 
  0     1     2     3     4     5     6     7     8     9     10     11     12     13     
0 0.0272614960454 0.109738826675 0.0597302380556 -0.0322815829054 -2.22762212716e-18 -1.80264542293e-18 -0.00265288221603 -3.56885884982e-17 -4.75118075843e-18 -0.00713344416865 -0.00206505861805 -0.0039671163773 -0.00206505861805 -0.0039671163773 
1 0.109738826675 0.44421325717 0.242993633135 -0.173841066122 -6.09428294049e-18 -9.46033289419e-18 -0.0138219512321 -2.10620761118e-16 -2.57341835715e-17 -0.038606422212 -0.0110423598194 -0.0211747087918 -0.0110423598194 -0.0211747087918 
2 0.0597302380556 0.242993633135 0.1335175547 -0.116309659804 6.0354659833e-17 -7.7509991682e-18 -0.00972145794704 -3.36577123651e-17 -2.0206416753e-17 -0.0273033561705 -0.00710828706585 -0.0137885797128 -0.00710828706585 -0.0137885797128 
3 -0.0322815829054 -0.173841066122 -0.116309659804 0.824311704443 -5.25204076268e-16 8.61612956959e-17 0.0820920559795 3.67872260975e-16 2.08480829817e-16 0.234853911338 0.0425210587823 0.0870733776644 0.0425210587823 0.0870733776644 
4 -2.22762212716e-18 -6.09428294049e-18 6.0354659833e-17 -5.25204076268e-16 0.0670148457432 1.05964559021e-16 1.01577011614e-16 0.122770332913 3.03436600925e-16 5.98629167444e-16 0.0421486609804 0.078554600839 -0.0421486609804 -0.078554600839 
5 -1.80264542293e-18 -9.46033289419e-18 -7.7509991682e-18 8.61612956959e-17 1.05964559021e-16 0.132851727097 -8.32006344255e-18 -1.35187448622e-16 0.287299712901 -5.05514709078e-17 3.78198210011e-17 1.83254950642e-17 -3.32951671802e-17 -2.09384772035e-16 
6 -0.00265288221603 -0.0138219512321 -0.00972145794704 0.0820920559795 1.01577011614e-16 -8.32006344255e-18 0.0973932219621 3.15877579601e-16 -6.24506439459e-17 0.217347756063 -0.0304438565195 -0.0340308103276 -0.0304438565195 -0.0340308103276 
7 -3.56885884982e-17 -2.10620761118e-16 -3.36577123651e-17 3.67872260975e-16 0.122770332913 -1.35187448622e-16 3.15877579601e-16 0.224913666164 -1.56267222704e-16 1.47048726212e-15 0.0772158032001 0.143911015386 -0.0772158032001 -0.143911015386 
8 -4.75118075843e-18 -2.57341835715e-17 -2.0206416753e-17 2.08480829817e-16 3.03436600925e-16 0.287299712901 -6.24506439459e-17 -1.56267222704e-16 0.621302611841 -2.0444674546e-16 1.47785492801e-16 1.51374446352e-16 -9.94434501301e-17 -5.15208690168e-16 
9 -0.00713344416865 -0.038606422212 -0.0273033561705 0.234853911338 5.98629167444e-16 -5.05514709078e-17 0.217347756063 1.47048726212e-15 -2.0444674546e-16 0.488605059713 -0.0632820425775 -0.0680359615308 -0.0632820425775 -0.0680359615308 
10 -0.00206505861805 -0.0110423598194 -0.00710828706585 0.0425210587823 0.0421486609804 3.78198210011e-17 -0.0304438565195 0.0772158032001 1.47785492801e-16 -0.0632820425775 0.0421831880409 0.0704982755546 -0.0108352022198 -0.0283147919827 
11 -0.0039671163773 -0.0211747087918 -0.0137885797128 0.0870733776644 0.078554600839 1.83254950642e-17 -0.0340308103276 0.143911015386 1.51374446352e-16 -0.0680359615308 0.0704982755546 0.121720986246 -0.0283147919827 -0.0624419479379 
12 -0.00206505861805 -0.0110423598194 -0.00710828706585 0.0425210587823 -0.0421486609804 -3.32951671802e-17 -0.0304438565195 -0.0772158032001 -9.94434501301e-17 -0.0632820425775 -0.0108352022198 -0.0283147919827 0.0421831880409 0.0704982755546 
13 -0.0039671163773 -0.0211747087918 -0.0137885797128 0.0870733776644 -0.078554600839 -2.09384772035e-16 -0.0340308103276 -0.143911015386 -5.15208690168e-16 -0.0680359615308 -0.0283147919827 -0.0624419479379 0.0704982755546 0.121720986246 
[NMO] 
NMO 
  0     
0 -1.06085868813e-16 -4.485952892e-17 -2.66190701337e-17 -4.69156487273e-18 4.12398732597e-18 1.62876496889e-17 2.91448238974e-17 4.20602697057e-17 2.41126563662e-16 0.44811538518 0.529109836352 0.581156137707 0.754154338938 1.07665779528 
[MOE] 
MOE 
0 -20.3566012837
1 -1.33697809563
2 -0.661334139083
3 -0.482429585676
4 -0.422157541747
5 0.415226290792
6 0.481853860476
7 1.62344492963
8 1.69470780958
9 2.9491183622
10 2.96449841278
11 3.455879162
12 12.6362167124
13 155.920902521
[INPUT] 
mol = [(8,(0.0,0.0,0.0916858011029)),
(1,(1.42296788349,0.0,-0.981209549317)),
(1,(-1.42296788349,0.0,-0.981209549317)),
basis = [[(0,0,0),135.545391869,28.31220279,(0.0,0.0,0.0916858011029)],
]
[(0,0,0),19.5743690496,6.63247957642,(0.0,0.0,0.0916858011029)],
]
[(0,0,0),4.944643508,2.36325906075,(0.0,0.0,0.0916858011029)],
]
[(0,0,0),0.689005128312,0.538985315388,(0.0,0.0,0.0916858011029)],
]
[(1,0,0),2.85142647169,5.28162799934,(0.0,0.0,0.0916858011029)],
]
[(0,1,0),2.79860042006,5.15960204979,(0.0,0.0,0.0916858011029)],
]
[(0,0,1),2.88358435409,5.35618924903,(0.0,0.0,0.0916858011029)],
]
[(1,0,0),0.543852720303,0.665720176055,(0.0,0.0,0.0916858011029)],
]
[(0,1,0),0.489780099887,0.584038540782,(0.0,0.0,0.0916858011029)],
]
[(0,0,1),0.453494634975,0.530463223205,(0.0,0.0,0.0916858011029)],
]
[(0,0,0),1.37173540964,0.903364155817,(1.42296788349,0.0,-0.981209549317)],
]
[(0,0,0),0.230253994474,0.236900224385,(1.42296788349,0.0,-0.981209549317)],
]
[(0,0,0),1.37173540964,0.903364155817,(-1.42296788349,0.0,-0.981209549317)],
]
[(0,0,0),0.230253994474,0.236900224385,(-1.42296788349,0.0,-0.981209549317)],
]
[Atoms]
O 1 8 0.0 0.0 0.0916858011029
H 2 1 1.42296788349 0.0 -0.981209549317
H 3 1 -1.42296788349 0.0 -0.981209549317
XX 4 0 0.0 0.0 0.0916858011029
XX 5 0 0.0 0.0 0.0916858011029
XX 6 0 0.0 0.0 0.0916858011029
XX 7 0 0.0 0.0 0.0916858011029
XX 8 0 0.0 0.0 0.0916858011029
XX 9 0 0.0 0.0 0.0916858011029
XX 10 0 0.0 0.0 0.0916858011029
XX 11 0 0.0 0.0 0.0916858011029
XX 12 0 0.0 0.0 0.0916858011029
XX 13 0 0.0 0.0 0.0916858011029
XX 14 0 1.42296788349 0.0 -0.981209549317
XX 15 0 1.42296788349 0.0 -0.981209549317
XX 16 0 -1.42296788349 0.0 -0.981209549317
XX 17 0 -1.42296788349 0.0 -0.981209549317
[GTO]
  4  0
 s   1 1.0 0 0 0
  135.545391869 28.31220279
  
  5  0
 s   1 1.0 0 0 0
  19.5743690496 6.63247957642
  
  6  0
 s   1 1.0 0 0 0
  4.944643508 2.36325906075
  
  7  0
 s   1 1.0 0 0 0
  0.689005128312 0.538985315388
  
  8  0
 p   1 1.0 1 0 0
  2.85142647169 5.28162799934
  
  9  0
 p   1 1.0 0 1 0
  2.79860042006 5.15960204979
  
  10  0
 p   1 1.0 0 0 1
  2.88358435409 5.35618924903
  
  11  0
 p   1 1.0 1 0 0
  0.543852720303 0.665720176055
  
  12  0
 p   1 1.0 0 1 0
  0.489780099887 0.584038540782
  
  13  0
 p   1 1.0 0 0 1
  0.453494634975 0.530463223205
  
  14  0
 s   1 1.0 0 0 0
  1.37173540964 0.903364155817
  
  15  0
 s   1 1.0 0 0 0
  0.230253994474 0.236900224385
  
  16  0
 s   1 1.0 0 0 0
  1.37173540964 0.903364155817
  
  17  0
 s   1 1.0 0 0 0
  0.230253994474 0.236900224385
  
[MO]
  Sym=  None
  Ene=      -20.3566012837
  Spin= Alpha
  Occup=    2.0
4 -0.161020846421
5 -0.637185514726
6 -0.34143162691
7 -0.00454835681497
8 7.29668062083e-17
9 3.51086702793e-18
10 0.00235203975552
11 -8.67361737988e-19
12 4.08912410691e-18
13 -0.000420601379532
14 -0.000199782395937
15 -3.57265208913e-05
16 -0.000199782395937
17 -3.57265208914e-05
  Sym=  None
  Ene=      -1.33697809563
  Spin= Alpha
  Occup=    2.0
4 0.0339234311159
5 0.181381498311
6 0.119891192246
7 -0.808411408929
8 4.7878367937e-16
9 5.91091444688e-17
10 0.0554235075958
11 -4.30211422042e-16
12 3.50217573434e-17
13 0.0652374354139
14 -0.0945467500133
15 -0.150470611116
16 -0.0945467500133
17 -0.150470611116
  Sym=  None
  Ene=      -0.661334139083
  Spin= Alpha
  Occup=    2.0
4 3.33934269126e-17
5 2.19442519711e-16
6 -7.97972798949e-17
7 3.05311331772e-16
8 -0.258872257577
9 -1.89780345159e-15
10 -4.57966997658e-16
11 -0.474250636441
12 -4.39105667609e-15
13 -2.57432963835e-15
14 -0.16281644613
15 -0.303449282569
16 0.16281644613
17 0.303449282569
  Sym=  None
  Ene=      -0.482429585676
  Spin= Alpha
  Occup=    2.0
4 0.0135271536057
5 0.0728603394413
6 0.0506764330589
7 -0.413233603191
8 1.4224732503e-16
9 1.08458929037e-16
10 -0.307108978503
11 -3.98986399475e-16
12 3.62536577871e-16
13 -0.695951837291
14 0.0820662236212
15 0.0836547253179
16 0.0820662236212
17 0.0836547253179
  Sym=  None
  Ene=      -0.422157541747
  Spin= Alpha
  Occup=    2.0
4 -1.29212600656e-17
5 -7.09128886816e-17
6 -5.24989557584e-17
7 4.90497612584e-16
8 -1.05716451215e-15
9 0.364488308587
10 5.95474618417e-17
11 -2.84020617119e-15
12 0.78822751274
13 5.78237139866e-17
14 -7.53070322921e-16
15 -1.53020103809e-15
16 7.47313162135e-16
17 1.00503508009e-15
  Sym=  None
  Ene=      0.415226290792
  Spin= Alpha
  Occup=    2.0
4 -0.0211589473382
5 -0.107001144631
6 -0.107357938004
7 0.973874714702
8 -6.32827124036e-15
9 -1.57106224631e-16
10 -0.16066046817
11 -2.49800180541e-14
12 -6.36012292042e-17
13 -0.502616409277
14 -0.0190453326165
15 -0.743714019373
16 -0.0190453326165
17 -0.743714019373
  Sym=  None
  Ene=      0.481853860476
  Spin= Alpha
  Occup=    0.0
4 -6.41414005242e-16
5 -3.29423988088e-15
6 -3.40352745987e-15
7 3.2279734441e-14
8 0.236305395367
9 2.17999837268e-16
10 -6.35602681598e-15
11 0.831461417836
12 3.48152913862e-16
13 -2.07611705605e-14
14 -0.0244719976334
15 -0.996650307318
16 0.0244719976334
17 0.996650307318
  Sym=  None
  Ene=      1.62344492963
  Spin= Alpha
  Occup=    0.0
4 1.07336015076e-16
5 5.12610787151e-16
6 4.33680868994e-16
7 1.55431223448e-15
8 -0.12397401043
9 2.22368188668e-16
10 -2.25947732746e-15
11 -0.287495782588
12 -3.43131035856e-16
13 4.98906471691e-15
14 0.895630828088
15 -0.654777542031
16 -0.895630828088
17 0.654777542031
  Sym=  None
  Ene=      1.69470780958
  Spin= Alpha
  Occup=    0.0
4 0.00796121995486
5 0.0471579565405
6 0.0176588097351
7 -0.054479752771
8 4.48599490888e-15
9 -4.42919586213e-16
10 0.13175258624
11 6.5780714209e-15
12 4.7973498607e-16
13 0.283788101321
14 0.900637691461
15 -0.445526655847
16 0.900637691461
17 -0.445526655847
  Sym=  None
  Ene=      2.9491183622
  Spin= Alpha
  Occup=    0.0
4 1.10496179408e-16
5 5.82489723682e-16
6 4.90898467095e-16
7 -4.94851415342e-15
8 6.65983572165e-15
9 -1.04461915258
10 -3.10373108843e-14
11 -7.33541592342e-15
12 0.776387975946
13 2.55277332726e-14
14 5.7949721539e-15
15 4.38714166782e-15
16 2.55528190616e-15
17 1.14471903939e-15
  Sym=  None
  Ene=      2.96449841278
  Spin= Alpha
  Occup=    0.0
4 0.00401410710337
5 0.0233640332048
6 0.0130484656001
7 -0.163057633676
8 9.90960785652e-16
9 3.17559638559e-14
10 -1.02692594861
11 1.31838984174e-16
12 -2.3512502513e-14
13 0.849567888263
14 0.160228816294
15 0.0771340325961
16 0.160228816294
17 0.0771340325961
  Sym=  None
  Ene=      3.455879162
  Spin= Alpha
  Occup=    0.0
4 -8.83624770576e-18
5 -1.07769695945e-16
6 1.43548367637e-16
7 -1.23165366794e-15
8 1.09695040791
9 7.74915718227e-15
10 3.90312782095e-16
11 -1.09119998797
12 -5.52825901537e-15
13 2.08166817117e-16
14 0.174643359556
15 0.259649601498
16 -0.174643359556
17 -0.259649601498
  Sym=  None
  Ene=      12.6362167124
  Spin= Alpha
  Occup=    0.0
4 0.104949263332
5 1.16292038745
6 -1.69992025155
7 0.764936270536
8 2.15322551456e-16
9 -2.97824551582e-16
10 0.0299379237075
11 -1.27502175484e-16
12 1.76080561173e-16
13 -0.122639123989
14 -0.0810557149418
15 -0.11577110592
16 -0.0810557149418
17 -0.11577110592
  Sym=  None
  Ene=      155.920902521
  Spin= Alpha
  Occup=    0.0
4 1.23091616476
5 -1.23168162292
6 0.636203204237
7 -0.177460287783
8 -1.8637435345e-16
9 1.88813485905e-16
10 -0.00578927236708
11 1.30104260698e-16
12 -5.38580322848e-17
13 0.0266632557158
14 0.0162597540573
15 0.0268805950298
16 0.0162597540573
17 0.0268805950298
