[Energy] 
E_elec: -1.85968428136
E_nuc: 0.735942200807
E_tot: -1.12374208055
SCF Details
Eigen: True
Step: 0 -1.80155533393
Step: 1 -1.858024011
Step: 2 -1.85964105858
Step: 3 -1.85968316689
Step: 4 -1.85968425262
Step: 5 -1.85968428064
Step: 6 -1.85968428136
[CM] 
C AO times MO
  0     1     2     3     4     5     
0 0.0749104020476 -0.04206565621 -0.0260394047399 0.0279080791843 0.949573923056 -0.982063378117 
1 0.263110702526 -0.0461077413106 -0.726918539625 1.62642177904 -1.41562259452 0.767382274443 
2 0.274226324356 -1.43479595463 0.749747217613 -1.23081584468 0.55517789707 -0.276151033441 
3 0.0749104020476 0.04206565621 -0.0260394047399 -0.0279080791843 -0.949573923056 -0.982063378117 
4 0.263110702526 0.0461077413106 -0.726918539625 -1.62642177904 1.41562259452 0.767382274443 
5 0.274226324356 1.43479595463 0.749747217613 1.23081584468 -0.55517789707 -0.276151033441 
[DM] 
D 
  0     1     2     3     4     5     
0 0.00561156833494 0.0197097285093 0.0205424042096 0.00561156833494 0.0197097285093 0.0205424042096 
1 0.0197097285093 0.0692272417838 0.0721518808525 0.0197097285093 0.0692272417838 0.0721518808525 
2 0.0205424042096 0.0721518808525 0.07520007697 0.0205424042096 0.0721518808525 0.07520007697 
3 0.00561156833494 0.0197097285093 0.0205424042096 0.00561156833494 0.0197097285093 0.0205424042096 
4 0.0197097285093 0.0692272417838 0.0721518808525 0.0197097285093 0.0692272417838 0.0721518808525 
5 0.0205424042096 0.0721518808525 0.07520007697 0.0205424042096 0.0721518808525 0.07520007697 
[MOE] 
MOE 
0 -0.597325653369
1 0.249024803288
2 0.636665382726
3 1.16830841027
4 5.54071001719
5 5.68755036834
[INPUT] 
mol = [(1,(0.0,0.0,-0.0427765045114)),
(1,(0.0,0.0,-1.40157886549)),
basis = [[(0,0,0),3.42525091,1.79444183222,(0.0,0.0,-0.0519525518446)],
]
[(0,0,0),0.62391373,0.500326492331,(0.0,0.0,-0.201487302713)],
]
[(0,0,0),0.1688554,0.187735458511,(0.0,0.0,0.149019625982)],
]
[(0,0,0),3.42525091,1.79444183222,(0.0,0.0,-1.39240281816)],
]
[(0,0,0),0.62391373,0.500326492331,(0.0,0.0,-1.24286806729)],
]
[(0,0,0),0.1688554,0.187735458511,(0.0,0.0,-1.59337499598)],
]
[Atoms]
H 1 1 0.0 0.0 -0.0427765045114
H 2 1 0.0 0.0 -1.40157886549
XX 3 0 0.0 0.0 -0.0519525518446
XX 4 0 0.0 0.0 -0.201487302713
XX 5 0 0.0 0.0 0.149019625982
XX 6 0 0.0 0.0 -1.39240281816
XX 7 0 0.0 0.0 -1.24286806729
XX 8 0 0.0 0.0 -1.59337499598
[GTO]
  3  0
 s   1 1.0 0 0 0
  3.42525091 1.79444183222
  
  4  0
 s   1 1.0 0 0 0
  0.62391373 0.500326492331
  
  5  0
 s   1 1.0 0 0 0
  0.1688554 0.187735458511
  
  6  0
 s   1 1.0 0 0 0
  3.42525091 1.79444183222
  
  7  0
 s   1 1.0 0 0 0
  0.62391373 0.500326492331
  
  8  0
 s   1 1.0 0 0 0
  0.1688554 0.187735458511
  
[MO]
  Sym=  None
  Ene=      -0.597325653369
  Spin= Alpha
  Occup=    2.0
3 0.0749104020476
4 0.263110702526
5 0.274226324356
6 0.0749104020476
7 0.263110702526
8 0.274226324356
  Sym=  None
  Ene=      0.249024803288
  Spin= Alpha
  Occup=    2.0
3 -0.04206565621
4 -0.0461077413106
5 -1.43479595463
6 0.04206565621
7 0.0461077413106
8 1.43479595463
  Sym=  None
  Ene=      0.636665382726
  Spin= Alpha
  Occup=    0.0
3 -0.0260394047399
4 -0.726918539625
5 0.749747217613
6 -0.0260394047399
7 -0.726918539625
8 0.749747217613
  Sym=  None
  Ene=      1.16830841027
  Spin= Alpha
  Occup=    0.0
3 0.0279080791843
4 1.62642177904
5 -1.23081584468
6 -0.0279080791843
7 -1.62642177904
8 1.23081584468
  Sym=  None
  Ene=      5.54071001719
  Spin= Alpha
  Occup=    0.0
3 0.949573923056
4 -1.41562259452
5 0.55517789707
6 -0.949573923056
7 1.41562259452
8 -0.55517789707
  Sym=  None
  Ene=      5.68755036834
  Spin= Alpha
  Occup=    0.0
3 -0.982063378117
4 0.767382274443
5 -0.276151033441
6 -0.982063378117
7 0.767382274443
8 -0.276151033441
