[Energy] 
E_elec: -1.77412217494
E_nuc: 0.654409586453
E_tot: -1.11971258848
SCF Details
Eigen: True
Step: 0 -1.72384216794
Step: 1 -1.77252274003
Step: 2 -1.77407582692
Step: 3 -1.77412085159
Step: 4 -1.77412213725
Step: 5 -1.77412217389
Step: 6 -1.77412217494
[CM] 
C AO times MO
  0     1     2     3     4     5     
0 0.0684268890279 -0.0474966795823 -0.0226471717411 0.0333629199128 0.962172625255 -0.960458948247 
1 0.266510806279 -0.0598096062129 -0.799963914909 1.33381486506 -1.24995132655 0.75781994218 
2 0.285471791292 -1.37709797858 0.775858092653 -1.28549334081 0.597406216218 -0.270247470757 
3 0.0684268890279 0.0474966795823 -0.0226471717411 -0.0333629199128 -0.962172625255 -0.960458948246 
4 0.266510806279 0.0598096062129 -0.799963914909 -1.33381486506 1.24995132655 0.75781994218 
5 0.285471791292 1.37709797858 0.775858092653 1.28549334081 -0.597406216218 -0.270247470757 
[DM] 
D 
  0     1     2     3     4     5     
0 0.00468223914204 0.018236505366 0.0195339465833 0.00468223914204 0.018236505366 0.0195339465833 
1 0.018236505366 0.0710280098635 0.0760813172671 0.018236505366 0.0710280098635 0.0760813172671 
2 0.0195339465833 0.0760813172671 0.0814941436233 0.0195339465833 0.0760813172671 0.0814941436233 
3 0.00468223914204 0.018236505366 0.0195339465833 0.00468223914204 0.018236505366 0.0195339465833 
4 0.018236505366 0.0710280098635 0.0760813172671 0.018236505366 0.0710280098635 0.0760813172671 
5 0.0195339465833 0.0760813172671 0.0814941436233 0.0195339465833 0.0760813172671 0.0814941436233 
[MOE] 
MOE 
0 -0.570157814017
1 0.227098166704
2 0.649913079091
3 1.09764996811
4 5.48346101293
5 5.7216144678
[INPUT] 
mol = [(1,(0.0,0.0,0.0418698020034)),
(1,(0.0,0.0,-1.486225172)),
basis = [[(0,0,0),3.42525091,1.79444183222,(0.0,0.0,0.0637201439443)],
]
[(0,0,0),0.62391373,0.500326492331,(0.0,0.0,-0.0452904810204)],
]
[(0,0,0),0.1688554,0.187735458511,(0.0,0.0,0.170557416343)],
]
[(0,0,0),3.42525091,1.79444183222,(0.0,0.0,-1.50807551394)],
]
[(0,0,0),0.62391373,0.500326492331,(0.0,0.0,-1.39906488898)],
]
[(0,0,0),0.1688554,0.187735458511,(0.0,0.0,-1.61491278634)],
]
[Atoms]
H 1 1 0.0 0.0 0.0418698020034
H 2 1 0.0 0.0 -1.486225172
XX 3 0 0.0 0.0 0.0637201439443
XX 4 0 0.0 0.0 -0.0452904810204
XX 5 0 0.0 0.0 0.170557416343
XX 6 0 0.0 0.0 -1.50807551394
XX 7 0 0.0 0.0 -1.39906488898
XX 8 0 0.0 0.0 -1.61491278634
[GTO]
  3  0
 s   1 1.0 0 0 0
  3.42525091 1.79444183222
  
  4  0
 s   1 1.0 0 0 0
  0.62391373 0.500326492331
  
  5  0
 s   1 1.0 0 0 0
  0.1688554 0.187735458511
  
  6  0
 s   1 1.0 0 0 0
  3.42525091 1.79444183222
  
  7  0
 s   1 1.0 0 0 0
  0.62391373 0.500326492331
  
  8  0
 s   1 1.0 0 0 0
  0.1688554 0.187735458511
  
[MO]
  Sym=  None
  Ene=      -0.570157814017
  Spin= Alpha
  Occup=    2.0
3 0.0684268890279
4 0.266510806279
5 0.285471791292
6 0.0684268890279
7 0.266510806279
8 0.285471791292
  Sym=  None
  Ene=      0.227098166704
  Spin= Alpha
  Occup=    2.0
3 -0.0474966795823
4 -0.0598096062129
5 -1.37709797858
6 0.0474966795823
7 0.0598096062129
8 1.37709797858
  Sym=  None
  Ene=      0.649913079091
  Spin= Alpha
  Occup=    0.0
3 -0.0226471717411
4 -0.799963914909
5 0.775858092653
6 -0.0226471717411
7 -0.799963914909
8 0.775858092653
  Sym=  None
  Ene=      1.09764996811
  Spin= Alpha
  Occup=    0.0
3 0.0333629199128
4 1.33381486506
5 -1.28549334081
6 -0.0333629199128
7 -1.33381486506
8 1.28549334081
  Sym=  None
  Ene=      5.48346101293
  Spin= Alpha
  Occup=    0.0
3 0.962172625255
4 -1.24995132655
5 0.597406216218
6 -0.962172625255
7 1.24995132655
8 -0.597406216218
  Sym=  None
  Ene=      5.7216144678
  Spin= Alpha
  Occup=    0.0
3 -0.960458948247
4 0.75781994218
5 -0.270247470757
6 -0.960458948246
7 0.75781994218
8 -0.270247470757
