[Energy] 
E_elec: -1.64147820718
E_nuc: 0.541221212518
E_tot: -1.10025699466
SCF Details
Eigen: True
Step: 0 -1.59490667781
Step: 1 -1.6400258987
Step: 2 -1.64143665693
Step: 3 -1.64147703538
Step: 4 -1.64147817423
Step: 5 -1.64147820627
Step: 6 -1.64147820718
[CM] 
C AO times MO
  0     1     2     3     4     5     
0 -0.0591055687941 -0.0442751963164 -0.0222515693603 0.0391598971302 0.912144926414 -0.951085165955 
1 -0.259475230685 -0.114060141096 -0.807696855251 1.10923427447 -0.677912173306 1.05495533457 
2 -0.311566684639 -1.37148937569 0.722462049112 -1.28968116267 0.220795698716 -0.549108949008 
3 -0.0591055687941 0.0442751963164 -0.0222515693603 -0.0391598971302 0.912144926413 0.951085165955 
4 -0.259475230685 0.114060141096 -0.807696855251 -1.10923427447 -0.677912173306 -1.05495533457 
5 -0.311566684639 1.37148937569 0.722462049112 1.28968116267 0.220795698716 0.549108949008 
[DM] 
D 
  0     1     2     3     4     5     
0 0.00349346826248 0.0153364310976 0.0184153261129 0.00349346826248 0.0153364310976 0.0184153261129 
1 0.0153364310976 0.0673273953389 0.0808438373705 0.0153364310976 0.0673273953389 0.0808438373705 
2 0.0184153261129 0.0808438373705 0.0970737989772 0.0184153261129 0.0808438373705 0.0970737989772 
3 0.00349346826248 0.0153364310976 0.0184153261129 0.00349346826248 0.0153364310976 0.0184153261129 
4 0.0153364310976 0.0673273953389 0.0808438373705 0.0153364310976 0.0673273953389 0.0808438373705 
5 0.0184153261129 0.0808438373705 0.0970737989772 0.0184153261129 0.0808438373705 0.0970737989772 
[MOE] 
MOE 
0 -0.528898349812
1 0.169284511112
2 0.652544740301
3 0.984235992198
4 5.8096162438
5 5.89131054159
[INPUT] 
mol = [(1,(0.0,0.0,0.20165898)),
(1,(0.0,0.0,-1.64601435)),
basis = [[(0,0,0),3.7004307732,1.90151302759,(0.0,0.0,0.186954247728)],
[(0,0,0),0.642268548822,0.511325655695,(0.0,0.0,0.087259354684)],
[(0,0,0),0.150655909099,0.172345409422,(0.0,0.0,0.180606195243)],
[(0,0,0),3.7004307732,1.90151302759,(0.0,0.0,-1.63130961773)],
[(0,0,0),0.642268548822,0.511325655695,(0.0,0.0,-1.53161472468)],
[(0,0,0),0.150655909099,0.172345409422,(0.0,0.0,-1.62496156524)],
[Atoms]
H 1 1 0.0 0.0 0.20165898
H 2 1 0.0 0.0 -1.64601435
XX 3 0 0.0 0.0 0.186954247728
XX 4 0 0.0 0.0 0.087259354684
XX 5 0 0.0 0.0 0.180606195243
XX 6 0 0.0 0.0 -1.63130961773
XX 7 0 0.0 0.0 -1.53161472468
XX 8 0 0.0 0.0 -1.62496156524
[GTO]
  3  0
 s   1 1.0 0 0 0
  3.7004307732 1.90151302759
 
  4  0
 s   1 1.0 0 0 0
  0.642268548822 0.511325655695
 
  5  0
 s   1 1.0 0 0 0
  0.150655909099 0.172345409422
 
  6  0
 s   1 1.0 0 0 0
  3.7004307732 1.90151302759
 
  7  0
 s   1 1.0 0 0 0
  0.642268548822 0.511325655695
 
  8  0
 s   1 1.0 0 0 0
  0.150655909099 0.172345409422
 
[MO]
  Sym=  None
  Ene=      -0.528898349812
  Spin= Alpha
  Occup=    2.0
3 -0.0591055687941
4 -0.259475230685
5 -0.311566684639
6 -0.0591055687941
7 -0.259475230685
8 -0.311566684639
  Sym=  None
  Ene=      0.169284511112
  Spin= Alpha
  Occup=    2.0
3 -0.0442751963164
4 -0.114060141096
5 -1.37148937569
6 0.0442751963164
7 0.114060141096
8 1.37148937569
  Sym=  None
  Ene=      0.652544740301
  Spin= Alpha
  Occup=    0.0
3 -0.0222515693603
4 -0.807696855251
5 0.722462049112
6 -0.0222515693603
7 -0.807696855251
8 0.722462049112
  Sym=  None
  Ene=      0.984235992198
  Spin= Alpha
  Occup=    0.0
3 0.0391598971302
4 1.10923427447
5 -1.28968116267
6 -0.0391598971302
7 -1.10923427447
8 1.28968116267
  Sym=  None
  Ene=      5.8096162438
  Spin= Alpha
  Occup=    0.0
3 0.912144926414
4 -0.677912173306
5 0.220795698716
6 0.912144926413
7 -0.677912173306
8 0.220795698716
  Sym=  None
  Ene=      5.89131054159
  Spin= Alpha
  Occup=    0.0
3 -0.951085165955
4 1.05495533457
5 -0.549108949008
6 0.951085165955
7 -1.05495533457
8 0.549108949008
