[Energy] 
E_elec: -1.82771660694
E_nuc: 0.70349667507
E_tot: -1.12421993187
SCF Details
Eigen: True
Step: 0 -1.7701808712
Step: 1 -1.82609991549
Step: 2 -1.82767505531
Step: 3 -1.82771554895
Step: 4 -1.82771658001
Step: 5 -1.82771660627
Step: 6 -1.82771660694
[CM] 
C AO times MO
  0     1     2     3     4     5     
0 0.0736463074932 -0.042500898366 -0.0254096206544 0.0278891455176 0.948904385379 -0.981501615306 
1 0.257391314893 -0.0548260179582 -0.742164456755 1.55813761152 -1.36065022438 0.77243072933 
2 0.282418861914 -1.42334802826 0.752127055336 -1.2482227285 0.560671301814 -0.278618381532 
3 0.0736463074932 0.042500898366 -0.0254096206544 -0.0278891455176 -0.948904385379 -0.981501615307 
4 0.257391314893 0.0548260179582 -0.742164456755 -1.55813761152 1.36065022438 0.77243072933 
5 0.282418861914 1.42334802826 0.752127055336 1.2482227285 -0.560671301814 -0.278618381532 
[DM] 
D 
  0     1     2     3     4     5     
0 0.00542377860739 0.0189559199227 0.0207991063464 0.00542377860739 0.0189559199227 0.0207991063464 
1 0.0189559199227 0.0662502889824 0.0726921622187 0.0189559199227 0.0662502889824 0.0726921622187 
2 0.0207991063464 0.0726921622187 0.0797604135648 0.0207991063464 0.0726921622187 0.0797604135648 
3 0.00542377860739 0.0189559199227 0.0207991063464 0.00542377860739 0.0189559199227 0.0207991063464 
4 0.0189559199227 0.0662502889824 0.0726921622187 0.0189559199227 0.0662502889824 0.0726921622187 
5 0.0207991063464 0.0726921622187 0.0797604135648 0.0207991063464 0.0726921622187 0.0797604135648 
[MOE] 
MOE 
0 -0.586707872084
1 0.241546888342
2 0.645389913902
3 1.14955548295
4 5.53435722038
5 5.70181463801
[INPUT] 
mol = [(1,(0.0,0.0,-0.011442271858)),
(1,(0.0,0.0,-1.43291309814)),
basis = [[(0,0,0),3.42525091,1.79444183222,(0.0,0.0,-0.042537814763)],
]
[(0,0,0),0.62391373,0.500326492331,(0.0,0.0,-0.172239147199)],
]
[(0,0,0),0.1688554,0.187735458511,(0.0,0.0,0.150662443517)],
]
[(0,0,0),3.42525091,1.79444183222,(0.0,0.0,-1.40181755524)],
]
[(0,0,0),0.62391373,0.500326492331,(0.0,0.0,-1.2721162228)],
]
[(0,0,0),0.1688554,0.187735458511,(0.0,0.0,-1.59501781352)],
]
[Atoms]
H 1 1 0.0 0.0 -0.011442271858
H 2 1 0.0 0.0 -1.43291309814
XX 3 0 0.0 0.0 -0.042537814763
XX 4 0 0.0 0.0 -0.172239147199
XX 5 0 0.0 0.0 0.150662443517
XX 6 0 0.0 0.0 -1.40181755524
XX 7 0 0.0 0.0 -1.2721162228
XX 8 0 0.0 0.0 -1.59501781352
[GTO]
  3  0
 s   1 1.0 0 0 0
  3.42525091 1.79444183222
  
  4  0
 s   1 1.0 0 0 0
  0.62391373 0.500326492331
  
  5  0
 s   1 1.0 0 0 0
  0.1688554 0.187735458511
  
  6  0
 s   1 1.0 0 0 0
  3.42525091 1.79444183222
  
  7  0
 s   1 1.0 0 0 0
  0.62391373 0.500326492331
  
  8  0
 s   1 1.0 0 0 0
  0.1688554 0.187735458511
  
[MO]
  Sym=  None
  Ene=      -0.586707872084
  Spin= Alpha
  Occup=    2.0
3 0.0736463074932
4 0.257391314893
5 0.282418861914
6 0.0736463074932
7 0.257391314893
8 0.282418861914
  Sym=  None
  Ene=      0.241546888342
  Spin= Alpha
  Occup=    2.0
3 -0.042500898366
4 -0.0548260179582
5 -1.42334802826
6 0.042500898366
7 0.0548260179582
8 1.42334802826
  Sym=  None
  Ene=      0.645389913902
  Spin= Alpha
  Occup=    0.0
3 -0.0254096206544
4 -0.742164456755
5 0.752127055336
6 -0.0254096206544
7 -0.742164456755
8 0.752127055336
  Sym=  None
  Ene=      1.14955548295
  Spin= Alpha
  Occup=    0.0
3 0.0278891455176
4 1.55813761152
5 -1.2482227285
6 -0.0278891455176
7 -1.55813761152
8 1.2482227285
  Sym=  None
  Ene=      5.53435722038
  Spin= Alpha
  Occup=    0.0
3 0.948904385379
4 -1.36065022438
5 0.560671301814
6 -0.948904385379
7 1.36065022438
8 -0.560671301814
  Sym=  None
  Ene=      5.70181463801
  Spin= Alpha
  Occup=    0.0
3 -0.981501615306
4 0.77243072933
5 -0.278618381532
6 -0.981501615307
7 0.77243072933
8 -0.278618381532
