[Energy] 
E_elec: -1.64148932936
E_nuc: 0.541221212518
E_tot: -1.10026811684
SCF Details
Eigen: True
Step: 0 -1.59498029313
Step: 1 -1.64003690604
Step: 2 -1.641447725
Step: 3 -1.64148815466
Step: 4 -1.64148929629
Step: 5 -1.64148932845
Step: 6 -1.64148932936
[CM] 
C AO times MO
  0     1     2     3     4     5     
0 -0.0591054747954 -0.0443884537103 -0.0222632101185 0.0393940250592 0.911320651994 -0.951690580169 
1 -0.259464329824 -0.114018732385 -0.807859298261 1.10918215782 -0.6763626449 1.05680130421 
2 -0.311467911415 -1.37501511813 0.722380285655 -1.29334289937 0.220033035503 -0.550802873496 
3 -0.0591054747954 0.0443884537102 -0.0222632101185 -0.0393940250592 0.911320651994 0.951690580169 
4 -0.259464329824 0.114018732385 -0.807859298261 -1.10918215782 -0.6763626449 -1.05680130421 
5 -0.311467911415 1.37501511813 0.722380285655 1.29334289937 0.220033035503 0.550802873496 
[DM] 
D 
  0     1     2     3     4     5     
0 0.00349345715079 0.0153357624067 0.0184094587877 0.00349345715079 0.0153357624067 0.0184094587877 
1 0.0153357624067 0.067321738451 0.0808148128969 0.0153357624067 0.067321738451 0.0808148128969 
2 0.0184094587877 0.0808148128969 0.097012259841 0.0184094587877 0.0808148128969 0.097012259841 
3 0.00349345715079 0.0153357624067 0.0184094587877 0.00349345715079 0.0153357624067 0.0184094587877 
4 0.0153357624067 0.067321738451 0.0808148128969 0.0153357624067 0.067321738451 0.0808148128969 
5 0.0184094587877 0.0808148128969 0.097012259841 0.0184094587877 0.0808148128969 0.097012259841 
[MOE] 
MOE 
0 -0.528905066299
1 0.169301169469
2 0.652795764451
3 0.984303955767
4 5.8012195649
5 5.89729535722
[INPUT] 
mol = [(1,(0.0,0.0,0.20165898)),
(1,(0.0,0.0,-1.64601435)),
basis = [[(0,0,0),3.7004307732,1.90151302759,(0.0,0.0,0.190164840032)],
[(0,0,0),0.642268548822,0.511325655695,(0.0,0.0,0.087088316862)],
[(0,0,0),0.150655909099,0.172345409422,(0.0,0.0,0.177917091278)],
[(0,0,0),3.7004307732,1.90151302759,(0.0,0.0,-1.63452021003)],
[(0,0,0),0.642268548822,0.511325655695,(0.0,0.0,-1.53144368686)],
[(0,0,0),0.150655909099,0.172345409422,(0.0,0.0,-1.62227246128)],
[Atoms]
H 1 1 0.0 0.0 0.20165898
H 2 1 0.0 0.0 -1.64601435
XX 3 0 0.0 0.0 0.190164840032
XX 4 0 0.0 0.0 0.087088316862
XX 5 0 0.0 0.0 0.177917091278
XX 6 0 0.0 0.0 -1.63452021003
XX 7 0 0.0 0.0 -1.53144368686
XX 8 0 0.0 0.0 -1.62227246128
[GTO]
  3  0
 s   1 1.0 0 0 0
  3.7004307732 1.90151302759
 
  4  0
 s   1 1.0 0 0 0
  0.642268548822 0.511325655695
 
  5  0
 s   1 1.0 0 0 0
  0.150655909099 0.172345409422
 
  6  0
 s   1 1.0 0 0 0
  3.7004307732 1.90151302759
 
  7  0
 s   1 1.0 0 0 0
  0.642268548822 0.511325655695
 
  8  0
 s   1 1.0 0 0 0
  0.150655909099 0.172345409422
 
[MO]
  Sym=  None
  Ene=      -0.528905066299
  Spin= Alpha
  Occup=    2.0
3 -0.0591054747954
4 -0.259464329824
5 -0.311467911415
6 -0.0591054747954
7 -0.259464329824
8 -0.311467911415
  Sym=  None
  Ene=      0.169301169469
  Spin= Alpha
  Occup=    2.0
3 -0.0443884537103
4 -0.114018732385
5 -1.37501511813
6 0.0443884537102
7 0.114018732385
8 1.37501511813
  Sym=  None
  Ene=      0.652795764451
  Spin= Alpha
  Occup=    0.0
3 -0.0222632101185
4 -0.807859298261
5 0.722380285655
6 -0.0222632101185
7 -0.807859298261
8 0.722380285655
  Sym=  None
  Ene=      0.984303955767
  Spin= Alpha
  Occup=    0.0
3 0.0393940250592
4 1.10918215782
5 -1.29334289937
6 -0.0393940250592
7 -1.10918215782
8 1.29334289937
  Sym=  None
  Ene=      5.8012195649
  Spin= Alpha
  Occup=    0.0
3 0.911320651994
4 -0.6763626449
5 0.220033035503
6 0.911320651994
7 -0.6763626449
8 0.220033035503
  Sym=  None
  Ene=      5.89729535722
  Spin= Alpha
  Occup=    0.0
3 -0.951690580169
4 1.05680130421
5 -0.550802873496
6 0.951690580169
7 -1.05680130421
8 0.550802873496
