[Energy] 
E_elec: -1.63983686734
E_nuc: 0.541221212518
E_tot: -1.09861565482
SCF Details
Eigen: True
Step: 0 -1.59689449304
Step: 1 -1.63841790414
Step: 2 -1.63979341175
Step: 3 -1.63983555435
Step: 4 -1.63983682779
Step: 5 -1.63983686618
Step: 6 -1.63983686734
[CM] 
C AO times MO
  0     1     2     3     4     5     
0 -0.0581542915849 0.0446343103396 0.0200692676507 -0.039133541319 0.942842026898 -0.919725112655 
1 -0.268658023105 0.114637464018 0.836248662995 -1.06410458657 -0.99367741664 0.713805865525 
2 -0.308512074795 1.34098976726 -0.73546399424 1.3053294564 0.553702703535 -0.23788831964 
3 -0.0581542915849 -0.0446343103396 0.0200692676507 0.039133541319 -0.942842026898 -0.919725112656 
4 -0.268658023105 -0.114637464018 0.836248662995 1.06410458657 0.993677416639 0.713805865525 
5 -0.308512074795 -1.34098976726 -0.73546399424 -1.3053294564 -0.553702703535 -0.23788831964 
[DM] 
D 
  0     1     2     3     4     5     
0 0.00338192162974 0.0156236170123 0.0179413011551 0.00338192162974 0.0156236170123 0.0179413011551 
1 0.0156236170123 0.0721771333788 0.0828842441185 0.0156236170123 0.0721771333788 0.0828842441185 
2 0.0179413011551 0.0828842441185 0.0951797002945 0.0179413011551 0.0828842441185 0.0951797002945 
3 0.00338192162974 0.0156236170123 0.0179413011551 0.00338192162974 0.0156236170123 0.0179413011551 
4 0.0156236170123 0.0721771333788 0.0828842441185 0.0156236170123 0.0721771333788 0.0828842441185 
5 0.0179413011551 0.0828842441185 0.0951797002945 0.0179413011551 0.0828842441185 0.0951797002945 
[MOE] 
MOE 
0 -0.530208463929
1 0.167451788621
2 0.653264737383
3 0.960958690609
4 5.81921046509
5 5.86895266377
[INPUT] 
mol = [(1,(0.0,0.0,0.20165898)),
(1,(0.0,0.0,-1.64601435)),
basis = [[(0,0,0),3.7004307732,1.90151302759,(0.0,0.0,0.184472613329)],
[(0,0,0),0.642268548822,0.511325655695,(0.0,0.0,0.157830006949)],
[(0,0,0),0.150655909099,0.172345409422,(0.0,0.0,0.196713572849)],
[(0,0,0),3.7004307732,1.90151302759,(0.0,0.0,-1.62882798333)],
[(0,0,0),0.642268548822,0.511325655695,(0.0,0.0,-1.60218537695)],
[(0,0,0),0.150655909099,0.172345409422,(0.0,0.0,-1.64106894285)],
[Atoms]
H 1 1 0.0 0.0 0.20165898
H 2 1 0.0 0.0 -1.64601435
XX 3 0 0.0 0.0 0.184472613329
XX 4 0 0.0 0.0 0.157830006949
XX 5 0 0.0 0.0 0.196713572849
XX 6 0 0.0 0.0 -1.62882798333
XX 7 0 0.0 0.0 -1.60218537695
XX 8 0 0.0 0.0 -1.64106894285
[GTO]
  3  0
 s   1 1.0 0 0 0
  3.7004307732 1.90151302759
 
  4  0
 s   1 1.0 0 0 0
  0.642268548822 0.511325655695
 
  5  0
 s   1 1.0 0 0 0
  0.150655909099 0.172345409422
 
  6  0
 s   1 1.0 0 0 0
  3.7004307732 1.90151302759
 
  7  0
 s   1 1.0 0 0 0
  0.642268548822 0.511325655695
 
  8  0
 s   1 1.0 0 0 0
  0.150655909099 0.172345409422
 
[MO]
  Sym=  None
  Ene=      -0.530208463929
  Spin= Alpha
  Occup=    2.0
3 -0.0581542915849
4 -0.268658023105
5 -0.308512074795
6 -0.0581542915849
7 -0.268658023105
8 -0.308512074795
  Sym=  None
  Ene=      0.167451788621
  Spin= Alpha
  Occup=    2.0
3 0.0446343103396
4 0.114637464018
5 1.34098976726
6 -0.0446343103396
7 -0.114637464018
8 -1.34098976726
  Sym=  None
  Ene=      0.653264737383
  Spin= Alpha
  Occup=    0.0
3 0.0200692676507
4 0.836248662995
5 -0.73546399424
6 0.0200692676507
7 0.836248662995
8 -0.73546399424
  Sym=  None
  Ene=      0.960958690609
  Spin= Alpha
  Occup=    0.0
3 -0.039133541319
4 -1.06410458657
5 1.3053294564
6 0.039133541319
7 1.06410458657
8 -1.3053294564
  Sym=  None
  Ene=      5.81921046509
  Spin= Alpha
  Occup=    0.0
3 0.942842026898
4 -0.99367741664
5 0.553702703535
6 -0.942842026898
7 0.993677416639
8 -0.553702703535
  Sym=  None
  Ene=      5.86895266377
  Spin= Alpha
  Occup=    0.0
3 -0.919725112655
4 0.713805865525
5 -0.23788831964
6 -0.919725112656
7 0.713805865525
8 -0.23788831964
