[Energy] 
E_elec: -1.641402385
E_nuc: 0.541221212518
E_tot: -1.10018117248
SCF Details
Eigen: True
Step: 0 -1.59512182545
Step: 1 -1.63995228104
Step: 2 -1.64136062734
Step: 3 -1.6414011994
Step: 4 -1.64140235143
Step: 5 -1.64140238407
Step: 6 -1.641402385
[CM] 
C AO times MO
  0     1     2     3     4     5     
0 -0.0589315920656 -0.0439462851351 -0.0218369212748 0.03835958344 -0.915747824919 0.948178203856 
1 -0.260774631408 -0.114084056857 -0.811213433675 1.10331772698 0.687504946587 -1.04082501919 
2 -0.311190809584 -1.36323635454 0.724386449278 -1.28668845089 -0.225463254005 0.547138111253 
3 -0.0589315920656 0.0439462851351 -0.0218369212748 -0.03835958344 -0.915747824917 -0.948178203857 
4 -0.260774631408 0.114084056857 -0.811213433675 -1.10331772698 0.687504946586 1.04082501919 
5 -0.311190809584 1.36323635454 0.724386449278 1.28668845089 -0.225463254004 -0.547138111254 
[DM] 
D 
  0     1     2     3     4     5     
0 0.00347293254338 0.0153678641992 0.018338969845 0.00347293254338 0.0153678641992 0.018338969845 
1 0.0153678641992 0.0680034083862 0.0811506686669 0.0153678641992 0.0680034083862 0.0811506686669 
2 0.018338969845 0.0811506686669 0.0968397199694 0.018338969845 0.0811506686669 0.0968397199694 
3 0.00347293254338 0.0153678641992 0.018338969845 0.00347293254338 0.0153678641992 0.018338969845 
4 0.0153678641992 0.0680034083862 0.0811506686669 0.0153678641992 0.0680034083862 0.0811506686669 
5 0.018338969845 0.0811506686669 0.0968397199694 0.018338969845 0.0811506686669 0.0968397199694 
[MOE] 
MOE 
0 -0.529013249886
1 0.169204801873
2 0.651925004879
3 0.981394108582
4 5.844985605
5 5.86582658641
[INPUT] 
mol = [(1,(0.0,0.0,0.20165898)),
(1,(0.0,0.0,-1.64601435)),
basis = [[(0,0,0),3.7004307732,1.90151302759,(0.0,0.0,0.176738830972)],
[(0,0,0),0.642268548822,0.511325655695,(0.0,0.0,0.0967126893378)],
[(0,0,0),0.150655909099,0.172345409422,(0.0,0.0,0.186229825251)],
[(0,0,0),3.7004307732,1.90151302759,(0.0,0.0,-1.62109420097)],
[(0,0,0),0.642268548822,0.511325655695,(0.0,0.0,-1.54106805934)],
[(0,0,0),0.150655909099,0.172345409422,(0.0,0.0,-1.63058519525)],
[Atoms]
H 1 1 0.0 0.0 0.20165898
H 2 1 0.0 0.0 -1.64601435
XX 3 0 0.0 0.0 0.176738830972
XX 4 0 0.0 0.0 0.0967126893378
XX 5 0 0.0 0.0 0.186229825251
XX 6 0 0.0 0.0 -1.62109420097
XX 7 0 0.0 0.0 -1.54106805934
XX 8 0 0.0 0.0 -1.63058519525
[GTO]
  3  0
 s   1 1.0 0 0 0
  3.7004307732 1.90151302759
 
  4  0
 s   1 1.0 0 0 0
  0.642268548822 0.511325655695
 
  5  0
 s   1 1.0 0 0 0
  0.150655909099 0.172345409422
 
  6  0
 s   1 1.0 0 0 0
  3.7004307732 1.90151302759
 
  7  0
 s   1 1.0 0 0 0
  0.642268548822 0.511325655695
 
  8  0
 s   1 1.0 0 0 0
  0.150655909099 0.172345409422
 
[MO]
  Sym=  None
  Ene=      -0.529013249886
  Spin= Alpha
  Occup=    2.0
3 -0.0589315920656
4 -0.260774631408
5 -0.311190809584
6 -0.0589315920656
7 -0.260774631408
8 -0.311190809584
  Sym=  None
  Ene=      0.169204801873
  Spin= Alpha
  Occup=    2.0
3 -0.0439462851351
4 -0.114084056857
5 -1.36323635454
6 0.0439462851351
7 0.114084056857
8 1.36323635454
  Sym=  None
  Ene=      0.651925004879
  Spin= Alpha
  Occup=    0.0
3 -0.0218369212748
4 -0.811213433675
5 0.724386449278
6 -0.0218369212748
7 -0.811213433675
8 0.724386449278
  Sym=  None
  Ene=      0.981394108582
  Spin= Alpha
  Occup=    0.0
3 0.03835958344
4 1.10331772698
5 -1.28668845089
6 -0.03835958344
7 -1.10331772698
8 1.28668845089
  Sym=  None
  Ene=      5.844985605
  Spin= Alpha
  Occup=    0.0
3 -0.915747824919
4 0.687504946587
5 -0.225463254005
6 -0.915747824917
7 0.687504946586
8 -0.225463254004
  Sym=  None
  Ene=      5.86582658641
  Spin= Alpha
  Occup=    0.0
3 0.948178203856
4 -1.04082501919
5 0.547138111253
6 -0.948178203857
7 1.04082501919
8 -0.547138111254
