[Energy] 
E_elec: -1.63643171061
E_nuc: 0.541221212518
E_tot: -1.09521049809
SCF Details
Eigen: True
Step: 0 -1.5961000782
Step: 1 -1.63505868932
Step: 2 -1.63638807759
Step: 3 -1.63643034154
Step: 4 -1.63643166779
Step: 5 -1.63643170931
Step: 6 -1.63643171061
[CM] 
C AO times MO
  0     1     2     3     4     5     
0 -0.0576273743838 0.0455091920199 0.0191438187508 -0.0403460070242 0.941017471101 -0.919750011712 
1 -0.272253286716 0.115788768537 0.854551841995 -1.04045301181 -0.970192517972 0.727121517325 
2 -0.308398098036 1.32734714444 -0.741944630599 1.32387084572 0.560895349165 -0.243795049045 
3 -0.0576273743838 -0.0455091920199 0.0191438187508 0.0403460070242 -0.9410174711 -0.919750011713 
4 -0.272253286716 -0.115788768537 0.854551841995 1.04045301181 0.970192517971 0.727121517326 
5 -0.308398098036 -1.32734714444 -0.741944630599 -1.32387084572 -0.560895349165 -0.243795049045 
[DM] 
D 
  0     1     2     3     4     5     
0 0.00332091427836 0.0156892420808 0.0177721726548 0.00332091427836 0.0156892420808 0.0177721726548 
1 0.0156892420808 0.0741218521279 0.0839623958074 0.0156892420808 0.0741218521279 0.0839623958074 
2 0.0177721726548 0.0839623958074 0.0951093868723 0.0177721726548 0.0839623958074 0.0951093868723 
3 0.00332091427836 0.0156892420808 0.0177721726548 0.00332091427836 0.0156892420808 0.0177721726548 
4 0.0156892420808 0.0741218521279 0.0839623958074 0.0156892420808 0.0741218521279 0.0839623958074 
5 0.0177721726548 0.0839623958074 0.0951093868723 0.0177721726548 0.0839623958074 0.0951093868723 
[MOE] 
MOE 
0 -0.530815036183
1 0.165359277814
2 0.658242366631
3 0.945952889315
4 5.80401924953
5 5.85531535132
[INPUT] 
mol = [(1,(0.0,0.0,0.20165898)),
(1,(0.0,0.0,-1.64601435)),
basis = [[(0,0,0),3.7004307732,1.90151302759,(0.0,0.0,0.20165898)],
[(0,0,0),0.642268548822,0.511325655695,(0.0,0.0,0.20165898)],
[(0,0,0),0.150655909099,0.172345409422,(0.0,0.0,0.20165898)],
[(0,0,0),3.7004307732,1.90151302759,(0.0,0.0,-1.64601435)],
[(0,0,0),0.642268548822,0.511325655695,(0.0,0.0,-1.64601435)],
[(0,0,0),0.150655909099,0.172345409422,(0.0,0.0,-1.64601435)],
[Atoms]
H 1 1 0.0 0.0 0.20165898
H 2 1 0.0 0.0 -1.64601435
XX 3 0 0.0 0.0 0.20165898
XX 4 0 0.0 0.0 0.20165898
XX 5 0 0.0 0.0 0.20165898
XX 6 0 0.0 0.0 -1.64601435
XX 7 0 0.0 0.0 -1.64601435
XX 8 0 0.0 0.0 -1.64601435
[GTO]
  3  0
 s   1 1.0 0 0 0
  3.7004307732 1.90151302759
 
  4  0
 s   1 1.0 0 0 0
  0.642268548822 0.511325655695
 
  5  0
 s   1 1.0 0 0 0
  0.150655909099 0.172345409422
 
  6  0
 s   1 1.0 0 0 0
  3.7004307732 1.90151302759
 
  7  0
 s   1 1.0 0 0 0
  0.642268548822 0.511325655695
 
  8  0
 s   1 1.0 0 0 0
  0.150655909099 0.172345409422
 
[MO]
  Sym=  None
  Ene=      -0.530815036183
  Spin= Alpha
  Occup=    2.0
3 -0.0576273743838
4 -0.272253286716
5 -0.308398098036
6 -0.0576273743838
7 -0.272253286716
8 -0.308398098036
  Sym=  None
  Ene=      0.165359277814
  Spin= Alpha
  Occup=    2.0
3 0.0455091920199
4 0.115788768537
5 1.32734714444
6 -0.0455091920199
7 -0.115788768537
8 -1.32734714444
  Sym=  None
  Ene=      0.658242366631
  Spin= Alpha
  Occup=    0.0
3 0.0191438187508
4 0.854551841995
5 -0.741944630599
6 0.0191438187508
7 0.854551841995
8 -0.741944630599
  Sym=  None
  Ene=      0.945952889315
  Spin= Alpha
  Occup=    0.0
3 -0.0403460070242
4 -1.04045301181
5 1.32387084572
6 0.0403460070242
7 1.04045301181
8 -1.32387084572
  Sym=  None
  Ene=      5.80401924953
  Spin= Alpha
  Occup=    0.0
3 0.941017471101
4 -0.970192517972
5 0.560895349165
6 -0.9410174711
7 0.970192517971
8 -0.560895349165
  Sym=  None
  Ene=      5.85531535132
  Spin= Alpha
  Occup=    0.0
3 -0.919750011712
4 0.727121517325
5 -0.243795049045
6 -0.919750011713
7 0.727121517326
8 -0.243795049045
