[Energy] 
E_elec: -1.83502095316
E_nuc: 0.710583131734
E_tot: -1.12443782143
SCF Details
Eigen: True
Step: 0 -1.77784481016
Step: 1 -1.83338798949
Step: 2 -1.83497830648
Step: 3 -1.83501985014
Step: 4 -1.83502092464
Step: 5 -1.83502095244
Step: 6 -1.83502095316
[CM] 
C AO times MO
  0     1     2     3     4     5     
0 0.0738156382137 -0.0425753022835 -0.0251925673414 0.0282406952143 0.948356256379 -0.981821193129 
1 0.260733217256 -0.0518590296595 -0.743448430337 1.54551414611 -1.34841433618 0.775400383637 
2 0.279253337247 -1.42740440189 0.75430485323 -1.24995224548 0.562439761275 -0.280264450537 
3 0.0738156382137 0.0425753022835 -0.0251925673414 -0.0282406952143 -0.948356256379 -0.981821193129 
4 0.260733217256 0.0518590296595 -0.743448430337 -1.54551414611 1.34841433618 0.775400383637 
5 0.279253337247 1.42740440189 0.75430485323 1.24995224548 -0.562439761275 -0.280264450537 
[DM] 
D 
  0     1     2     3     4     5     
0 0.00544874844489 0.0192461888353 0.0206132633122 0.00544874844489 0.0192461888353 0.0206132633122 
1 0.0192461888353 0.0679818105807 0.0728106210499 0.0192461888353 0.0679818105807 0.0728106210499 
2 0.0206132633122 0.0728106210499 0.0779824263637 0.0206132633122 0.0728106210499 0.0779824263637 
3 0.00544874844489 0.0192461888353 0.0206132633122 0.00544874844489 0.0192461888353 0.0206132633122 
4 0.0192461888353 0.0679818105807 0.0728106210499 0.0192461888353 0.0679818105807 0.0728106210499 
5 0.0206132633122 0.0728106210499 0.0779824263637 0.0206132633122 0.0728106210499 0.0779824263637 
[MOE] 
MOE 
0 -0.58917995623
1 0.243338665906
2 0.641914044786
3 1.15101916037
4 5.52670682395
5 5.70334576369
[INPUT] 
mol = [(1,(0.0,0.0,-0.0185302471838)),
(1,(0.0,0.0,-1.42582512282)),
basis = [[(0,0,0),3.42525091,1.79444183222,(0.0,0.0,-0.0427598115436)],
]
[(0,0,0),0.62391373,0.500326492331,(0.0,0.0,-0.166386774952)],
]
[(0,0,0),0.1688554,0.187735458511,(0.0,0.0,0.14916421736)],
]
[(0,0,0),3.42525091,1.79444183222,(0.0,0.0,-1.40159555846)],
]
[(0,0,0),0.62391373,0.500326492331,(0.0,0.0,-1.27796859505)],
]
[(0,0,0),0.1688554,0.187735458511,(0.0,0.0,-1.59351958736)],
]
[Atoms]
H 1 1 0.0 0.0 -0.0185302471838
H 2 1 0.0 0.0 -1.42582512282
XX 3 0 0.0 0.0 -0.0427598115436
XX 4 0 0.0 0.0 -0.166386774952
XX 5 0 0.0 0.0 0.14916421736
XX 6 0 0.0 0.0 -1.40159555846
XX 7 0 0.0 0.0 -1.27796859505
XX 8 0 0.0 0.0 -1.59351958736
[GTO]
  3  0
 s   1 1.0 0 0 0
  3.42525091 1.79444183222
  
  4  0
 s   1 1.0 0 0 0
  0.62391373 0.500326492331
  
  5  0
 s   1 1.0 0 0 0
  0.1688554 0.187735458511
  
  6  0
 s   1 1.0 0 0 0
  3.42525091 1.79444183222
  
  7  0
 s   1 1.0 0 0 0
  0.62391373 0.500326492331
  
  8  0
 s   1 1.0 0 0 0
  0.1688554 0.187735458511
  
[MO]
  Sym=  None
  Ene=      -0.58917995623
  Spin= Alpha
  Occup=    2.0
3 0.0738156382137
4 0.260733217256
5 0.279253337247
6 0.0738156382137
7 0.260733217256
8 0.279253337247
  Sym=  None
  Ene=      0.243338665906
  Spin= Alpha
  Occup=    2.0
3 -0.0425753022835
4 -0.0518590296595
5 -1.42740440189
6 0.0425753022835
7 0.0518590296595
8 1.42740440189
  Sym=  None
  Ene=      0.641914044786
  Spin= Alpha
  Occup=    0.0
3 -0.0251925673414
4 -0.743448430337
5 0.75430485323
6 -0.0251925673414
7 -0.743448430337
8 0.75430485323
  Sym=  None
  Ene=      1.15101916037
  Spin= Alpha
  Occup=    0.0
3 0.0282406952143
4 1.54551414611
5 -1.24995224548
6 -0.0282406952143
7 -1.54551414611
8 1.24995224548
  Sym=  None
  Ene=      5.52670682395
  Spin= Alpha
  Occup=    0.0
3 0.948356256379
4 -1.34841433618
5 0.562439761275
6 -0.948356256379
7 1.34841433618
8 -0.562439761275
  Sym=  None
  Ene=      5.70334576369
  Spin= Alpha
  Occup=    0.0
3 -0.981821193129
4 0.775400383637
5 -0.280264450537
6 -0.981821193129
7 0.775400383637
8 -0.280264450537
