[Energy] 
E_elec: -1.63536436041
E_nuc: 0.541221212518
E_tot: -1.09414314789
SCF Details
Eigen: True
Step: 0 -1.59771928205
Step: 1 -1.63406143833
Step: 2 -1.63532178263
Step: 3 -1.63536298384
Step: 4 -1.63536431603
Step: 5 -1.63536435902
Step: 6 -1.63536436041
[CM] 
C AO times MO
  0     1     2     3     4     5     
0 -0.0636205206905 0.0537850719168 0.0173910531137 -0.0392536690524 0.967432984793 -0.946030269978 
1 -0.250425733022 0.0885829170604 0.932377831209 -1.12046468191 -1.0841917936 0.812595591694 
2 -0.318757317896 1.27930967175 -0.813642982249 1.40640530407 0.649914722791 -0.296822437022 
3 -0.0636205206905 -0.0537850719168 0.0173910531137 0.0392536690524 -0.967432984793 -0.946030269978 
4 -0.250425733022 -0.0885829170604 0.932377831209 1.12046468191 1.0841917936 0.812595591694 
5 -0.318757317896 -1.27930967175 -0.813642982249 -1.40640530407 -0.649914722791 -0.296822437022 
[DM] 
D 
  0     1     2     3     4     5     
0 0.00404757065293 0.0159322155292 0.0202795065385 0.00404757065293 0.0159322155292 0.0202795065385 
1 0.0159322155292 0.0627130477596 0.0798250349904 0.0159322155292 0.0627130477596 0.0798250349904 
2 0.0202795065385 0.0798250349904 0.101606227713 0.0202795065385 0.0798250349904 0.101606227713 
3 0.00404757065293 0.0159322155292 0.0202795065385 0.00404757065293 0.0159322155292 0.0202795065385 
4 0.0159322155292 0.0627130477596 0.0798250349904 0.0159322155292 0.0627130477596 0.0798250349904 
5 0.0202795065385 0.0798250349904 0.101606227713 0.0202795065385 0.0798250349904 0.101606227713 
[MOE] 
MOE 
0 -0.527253418149
1 0.18318134316
2 0.705908986856
3 0.992248289113
4 5.51725578851
5 5.59784437657
[INPUT] 
mol = [(1,(0.0,0.0,0.20165898)),
(1,(0.0,0.0,-1.64601435)),
basis = [[(0,0,0),3.42525091,1.79444183222,(0.0,0.0,0.20165898)],
]
[(0,0,0),0.62391373,0.500326492331,(0.0,0.0,0.20165898)],
]
[(0,0,0),0.1688554,0.187735458511,(0.0,0.0,0.20165898)],
]
[(0,0,0),3.42525091,1.79444183222,(0.0,0.0,-1.64601435)],
]
[(0,0,0),0.62391373,0.500326492331,(0.0,0.0,-1.64601435)],
]
[(0,0,0),0.1688554,0.187735458511,(0.0,0.0,-1.64601435)],
]
[Atoms]
H 1 1 0.0 0.0 0.20165898
H 2 1 0.0 0.0 -1.64601435
XX 3 0 0.0 0.0 0.20165898
XX 4 0 0.0 0.0 0.20165898
XX 5 0 0.0 0.0 0.20165898
XX 6 0 0.0 0.0 -1.64601435
XX 7 0 0.0 0.0 -1.64601435
XX 8 0 0.0 0.0 -1.64601435
[GTO]
  3  0
 s   1 1.0 0 0 0
  3.42525091 1.79444183222
  
  4  0
 s   1 1.0 0 0 0
  0.62391373 0.500326492331
  
  5  0
 s   1 1.0 0 0 0
  0.1688554 0.187735458511
  
  6  0
 s   1 1.0 0 0 0
  3.42525091 1.79444183222
  
  7  0
 s   1 1.0 0 0 0
  0.62391373 0.500326492331
  
  8  0
 s   1 1.0 0 0 0
  0.1688554 0.187735458511
  
[MO]
  Sym=  None
  Ene=      -0.527253418149
  Spin= Alpha
  Occup=    2.0
3 -0.0636205206905
4 -0.250425733022
5 -0.318757317896
6 -0.0636205206905
7 -0.250425733022
8 -0.318757317896
  Sym=  None
  Ene=      0.18318134316
  Spin= Alpha
  Occup=    2.0
3 0.0537850719168
4 0.0885829170604
5 1.27930967175
6 -0.0537850719168
7 -0.0885829170604
8 -1.27930967175
  Sym=  None
  Ene=      0.705908986856
  Spin= Alpha
  Occup=    0.0
3 0.0173910531137
4 0.932377831209
5 -0.813642982249
6 0.0173910531137
7 0.932377831209
8 -0.813642982249
  Sym=  None
  Ene=      0.992248289113
  Spin= Alpha
  Occup=    0.0
3 -0.0392536690524
4 -1.12046468191
5 1.40640530407
6 0.0392536690524
7 1.12046468191
8 -1.40640530407
  Sym=  None
  Ene=      5.51725578851
  Spin= Alpha
  Occup=    0.0
3 0.967432984793
4 -1.0841917936
5 0.649914722791
6 -0.967432984793
7 1.0841917936
8 -0.649914722791
  Sym=  None
  Ene=      5.59784437657
  Spin= Alpha
  Occup=    0.0
3 -0.946030269978
4 0.812595591694
5 -0.296822437022
6 -0.946030269978
7 0.812595591694
8 -0.296822437022
