[Energy] 
E_elec: -84.9142192685
E_nuc: 9.32946299582
E_tot: -75.5847562727
SCF Details
Eigen: True
Step: 0 -84.914219256
Step: 1 -84.9142192678
Step: 2 -84.9142192685
[CM] 
C AO times MO
  0     1     2     3     4     5     6     7     8     9     10     11     12     
0 0.983225034501 -0.22892277067 4.20236762055e-16 0.087883473493 -3.69570633304e-18 0.110539180347 -4.51028103754e-17 1.11542719505e-15 0.0711507366094 2.62114036017e-16 0.0437786123081 1.22840106143e-16 0.0840470848411 
1 0.0960155351824 0.217363716876 -5.20417042793e-17 -0.08130599014 5.1797473224e-17 -0.0345024428555 2.35922392733e-16 -2.45983788894e-15 -0.0943402758046 -1.07855840966e-15 -0.122957038363 9.24607612696e-16 -1.64677027085 
2 -0.038388562835 0.702723419658 -2.6645352591e-15 -0.403083849484 -7.36455180584e-17 -1.06980644568 -2.77555756156e-16 -3.44169137634e-15 -0.163040224083 -4.51886656352e-16 -0.191603164409 -1.70696790036e-15 2.02137810281 
3 -1.1427490898e-16 2.32452945781e-16 0.40040735055 -1.0616507673e-15 1.02432083476e-15 -6.24500451352e-16 -0.298954689189 0.183196850555 -4.28823643261e-15 -2.53109135911e-15 -2.24798478443e-15 1.06851699057 1.02760681908e-15 
4 2.08411416203e-17 2.48893657958e-17 -1.91766298464e-15 1.7812480805e-16 0.520539773612 -3.97200917381e-17 2.27285820409e-16 -7.48572244483e-17 -1.83135747269e-16 1.02965304771 -5.06765575692e-15 3.65948514332e-15 -5.91099667564e-16 
5 -0.00318196033326 -0.08524625568 -1.47104550763e-15 -0.445145787343 3.93664332685e-17 0.202285301297 -6.10622663544e-16 1.53869972319e-15 0.264393935139 -4.57772540698e-15 -1.01334259992 -1.34744645996e-15 0.152172857082 
6 1.4224732503e-16 2.35922392733e-16 0.36551509065 -8.67361737988e-16 5.98280599718e-16 -1.30451205393e-15 -0.779134873465 0.504027868675 -2.85882428841e-15 4.94353490886e-15 1.34961486431e-15 -1.41132001992 -2.64111649217e-15 
7 -3.57661286897e-18 2.43916408486e-17 -1.99730173771e-15 6.15473357965e-18 0.632809772354 -4.71457089299e-17 -2.82362282679e-16 -1.76917857448e-16 3.98449096687e-16 -0.964727343126 4.6169829827e-15 -3.5839164899e-15 3.67303932642e-16 
8 0.00659722113473 -0.0928507592167 -1.72084568817e-15 -0.511989530382 7.63367876995e-17 0.455410100369 -8.74300631892e-16 4.62824223391e-15 0.331872987046 5.3277797006e-15 1.14888603595 3.05137859424e-15 -0.489474428691 
9 0.00253765861369 0.120421426038 0.237404637047 0.128965705772 9.84003297994e-16 0.044304158685 0.0296623416355 -0.973898901038 0.995980766846 4.23509104825e-16 0.244417086145 0.131807603221 -0.2825152474 
10 0.00708732531669 0.0175117651817 0.177079970204 0.0995305550427 7.90625809081e-16 0.87393515263 1.19947612048 0.651010308131 -0.469022523275 -1.44242192151e-15 0.103815492668 0.5308098861 -0.37281433991 
11 0.00253765861369 0.120421426038 -0.237404637047 0.128965705772 -1.01117313725e-15 0.044304158685 -0.0296623416355 0.973898901038 0.995980766846 2.45527237819e-15 0.244417086145 -0.131807603221 -0.2825152474 
12 0.00708732531669 0.0175117651817 -0.177079970204 0.0995305550427 -7.20238394612e-16 0.87393515263 -1.19947612048 -0.651010308131 -0.469022523275 1.9584107004e-15 0.103815492668 -0.5308098861 -0.37281433991 
[DM] 
D 
  0     1     2     3     4     5     6     7     8     9     10     11     12     
0 1.02686060831 0.0374999207527 -0.234038397062 -9.06073922915e-17 2.85242543193e-17 -0.0227347320214 1.63229239121e-16 -1.08981970336e-17 -0.0172532122856 -0.013738162834 0.0117066847702 -0.013738162834 0.0117066847702 
1 0.0374999207527 0.0630766324431 0.181833807519 1.0503535564e-16 1.98911495253e-17 0.0173580583879 1.16438597879e-16 3.72359778484e-17 0.022078865289 0.0159332190032 -0.00360551462469 0.0159332190032 -0.0036055146247 
2 -0.234038397062 0.181833807519 0.657770476007 -4.71228246961e-16 -9.34443758444e-17 0.119648688123 -4.63980818307e-16 -3.18065989252e-17 0.140873049929 0.0325415461045 -0.0280853039884 0.0325415461045 -0.0280853039884 
3 -9.06073922915e-17 1.0503535564e-16 -4.71228246961e-16 0.160326046374 -2.34646619492e-16 -1.35880192578e-16 0.146354929033 -1.5153406278e-16 -1.67822514268e-16 0.0950585617281 0.0709041217049 -0.0950585617281 -0.0709041217049 
4 2.85242543193e-17 1.98911495253e-17 -9.34443758444e-17 -2.34646619492e-16 0.270961655912 -6.09877545894e-17 -3.89505911733e-16 0.329402655641 -5.36352055261e-17 8.29728613359e-17 9.02849011813e-17 -4.50716588876e-17 -1.70206010046e-17 
5 -0.0227347320214 0.0173580583879 0.119648688123 -1.35880192578e-16 -6.09877545894e-17 0.205431820968 -1.72151034261e-16 2.01037945378e-17 0.235804170078 -0.0676820910386 -0.0458209712893 -0.0676820910386 -0.0458209712893 
6 1.63229239121e-16 1.16438597879e-16 -4.63980818307e-16 0.146354929033 -3.89505911733e-16 -1.72151034261e-16 0.133601281493 -3.51446115603e-16 -2.05882075024e-16 0.0867749774309 0.0647254013615 -0.0867749774309 -0.0647254013615 
7 -1.08981970336e-17 3.72359778484e-17 -3.18065989252e-17 -1.5153406278e-16 0.329402655641 2.01037945378e-17 -3.51446115603e-16 0.400448207986 4.28671280139e-17 1.52240158397e-16 1.47647982176e-16 -1.61989599165e-16 -1.01077386215e-16 
8 -0.0172532122856 0.022078865289 0.140873049929 -1.67822514268e-16 -5.36352055261e-17 0.235804170078 -2.05882075024e-16 4.28671280139e-17 0.270798066035 -0.0771935704723 -0.052537826175 -0.0771935704723 -0.052537826175 
9 -0.013738162834 0.0159332190032 0.0325415461045 0.0950585617281 8.29728613359e-17 -0.0676820910386 0.0867749774309 1.52240158397e-16 -0.0771935704723 0.0875008745169 0.0570024112793 -0.0252210488657 -0.0270768008298 
10 0.0117066847702 -0.00360551462469 -0.0280853039884 0.0709041217049 9.02849011813e-17 -0.0458209712893 0.0647254013615 1.47647982176e-16 -0.052537826175 0.0570024112793 0.0416205393345 -0.0270768008298 -0.0210940923605 
11 -0.013738162834 0.0159332190032 0.0325415461045 -0.0950585617281 -4.50716588876e-17 -0.0676820910386 -0.0867749774309 -1.61989599165e-16 -0.0771935704723 -0.0252210488657 -0.0270768008298 0.0875008745169 0.0570024112793 
12 0.0117066847702 -0.0036055146247 -0.0280853039884 -0.0709041217049 -1.70206010046e-17 -0.0458209712893 -0.0647254013615 -1.01077386215e-16 -0.052537826175 -0.0270768008298 -0.0210940923605 0.0570024112793 0.0416205393345 
[MOE] 
MOE 
0 -20.4237367509
1 -1.33483919268
2 -0.695945744594
3 -0.536842997358
4 -0.479437910452
5 0.268543619702
6 0.367577678586
7 1.20931658556
8 1.31873975889
9 1.78331084676
10 1.85948446489
11 2.01848357659
12 3.11894613596
[INPUT] 
mol = [(8,(0.0,0.0,0.0916858011029)),
(1,(1.42296788349,0.0,-0.981209549317)),
(1,(-1.42296788349,0.0,-0.981209549317)),
basis = [[(0,0,0),322.037,3.20959344299,(-9.12323285469e-19,-4.99119365773e-19,0.0915062008077)],
48.4308,3.20959344299,(-9.12323285469e-19,-4.99119365773e-19,0.0915062008077)],
10.4206,3.20959344299,(-9.12323285469e-19,-4.99119365773e-19,0.0915062008077)],
]
[(0,0,0),7.40294,4.59913973987,(-7.91639744066e-20,-2.32952068268e-20,0.0916813385124)],
1.5762,4.59913973987,(-7.91639744066e-20,-2.32952068268e-20,0.0916813385124)],
]
[(0,0,0),0.373684,2.92518278339,(4.81626977159e-20,1.06311834635e-20,0.0916858008663)],
]
[(1,0,0),7.40294,-1.29369515498,(-4.03016596979e-19,-5.52808269154e-21,0.0916352860925)],
1.5762,-1.29369515498,(-4.03016596979e-19,-5.52808269154e-21,0.0916352860925)],
]
[(0,1,0),7.40294,1.22471211548,(6.64313071944e-21,-2.97066634226e-19,0.091647186781)],
1.5762,1.22471211548,(6.64313071944e-21,-2.97066634226e-19,0.091647186781)],
]
[(0,0,1),7.40294,0.340634372672,(-2.87868997842e-20,-2.16807207923e-20,0.0916457205324)],
1.5762,0.340634372672,(-2.87868997842e-20,-2.16807207923e-20,0.0916457205324)],
]
[(1,0,0),0.373684,4.25723044476,(-3.10012766907e-20,-6.68259343018e-22,0.0916806689642)],
]
[(0,1,0),0.373684,2.1497572264,(8.85750762592e-21,1.62299901791e-20,0.0916684869724)],
]
[(0,0,1),0.373684,4.25723044476,(2.08151429209e-19,2.69187982875e-21,0.0916725568807)],
]
[(0,0,0),5.447178,2.1497572264,(1.42295078397,-1.26937541543e-20,-0.981199873141)],
0.824547,2.1497572264,(1.42295078397,-1.26937541543e-20,-0.981199873141)],
]
[(0,0,0),0.183192,4.25723044476,(1.42296761098,1.35000189467e-20,-0.981210672343)],
]
[(0,0,0),5.447178,2.1497572264,(-1.42295078397,1.88831792296e-20,-0.981199873141)],
0.824547,2.1497572264,(-1.42295078397,1.88831792296e-20,-0.981199873141)],
]
[(0,0,0),0.183192,0.416457527847,(-1.42296761098,-2.23489694782e-20,-0.981210672343)],
]
[Atoms]
O 1 8 0.0 0.0 0.0916858011029
H 2 1 1.42296788349 0.0 -0.981209549317
H 3 1 -1.42296788349 0.0 -0.981209549317
XX 4 0 -9.12323285469e-19 -4.99119365773e-19 0.0915062008077
XX 5 0 -7.91639744066e-20 -2.32952068268e-20 0.0916813385124
XX 6 0 4.81626977159e-20 1.06311834635e-20 0.0916858008663
XX 7 0 -4.03016596979e-19 -5.52808269154e-21 0.0916352860925
XX 8 0 6.64313071944e-21 -2.97066634226e-19 0.091647186781
XX 9 0 -2.87868997842e-20 -2.16807207923e-20 0.0916457205324
XX 10 0 -3.10012766907e-20 -6.68259343018e-22 0.0916806689642
XX 11 0 8.85750762592e-21 1.62299901791e-20 0.0916684869724
XX 12 0 2.08151429209e-19 2.69187982875e-21 0.0916725568807
XX 13 0 1.42295078397 -1.26937541543e-20 -0.981199873141
XX 14 0 1.42296761098 1.35000189467e-20 -0.981210672343
XX 15 0 -1.42295078397 1.88831792296e-20 -0.981199873141
XX 16 0 -1.42296761098 -2.23489694782e-20 -0.981210672343
[GTO]
  4  0
 s   3 1.0 0 0 0
  322.037 3.20959344299
  48.4308 4.59913973987
  10.4206 2.92518278339
  
  5  0
 s   2 1.0 0 0 0
  7.40294 -1.29369515498
  1.5762 1.22471211548
  
  6  0
 s   1 1.0 0 0 0
  0.373684 0.340634372672
  
  7  0
 p   2 1.0 1 0 0
  7.40294 4.25723044476
  1.5762 2.1497572264
  
  8  0
 p   2 1.0 0 1 0
  7.40294 4.25723044476
  1.5762 2.1497572264
  
  9  0
 p   2 1.0 0 0 1
  7.40294 4.25723044476
  1.5762 2.1497572264
  
  10  0
 p   1 1.0 1 0 0
  0.373684 0.416457527847
  
  11  0
 p   1 1.0 0 1 0
  0.373684 0.416457527847
  
  12  0
 p   1 1.0 0 0 1
  0.373684 0.416457527847
  
  13  0
 s   2 1.0 0 0 0
  5.447178 0.397151320568
  0.824547 0.557919923333
  
  14  0
 s   1 1.0 0 0 0
  0.183192 0.199567570484
  
  15  0
 s   2 1.0 0 0 0
  5.447178 0.397151320568
  0.824547 0.557919923333
  
  16  0
 s   1 1.0 0 0 0
  0.183192 0.199567570484
  
[MO]
  Sym=  None
  Ene=      -20.4237367509
  Spin= Alpha
  Occup=    2.0
4 0.983225034501
5 0.0960155351824
6 -0.038388562835
7 -1.1427490898e-16
8 2.08411416203e-17
9 -0.00318196033326
10 1.4224732503e-16
11 -3.57661286897e-18
12 0.00659722113473
13 0.00253765861369
14 0.00708732531669
15 0.00253765861369
16 0.00708732531669
  Sym=  None
  Ene=      -1.33483919268
  Spin= Alpha
  Occup=    2.0
4 -0.22892277067
5 0.217363716876
6 0.702723419658
7 2.32452945781e-16
8 2.48893657958e-17
9 -0.08524625568
10 2.35922392733e-16
11 2.43916408486e-17
12 -0.0928507592167
13 0.120421426038
14 0.0175117651817
15 0.120421426038
16 0.0175117651817
  Sym=  None
  Ene=      -0.695945744594
  Spin= Alpha
  Occup=    2.0
4 4.20236762055e-16
5 -5.20417042793e-17
6 -2.6645352591e-15
7 0.40040735055
8 -1.91766298464e-15
9 -1.47104550763e-15
10 0.36551509065
11 -1.99730173771e-15
12 -1.72084568817e-15
13 0.237404637047
14 0.177079970204
15 -0.237404637047
16 -0.177079970204
  Sym=  None
  Ene=      -0.536842997358
  Spin= Alpha
  Occup=    2.0
4 0.087883473493
5 -0.08130599014
6 -0.403083849484
7 -1.0616507673e-15
8 1.7812480805e-16
9 -0.445145787343
10 -8.67361737988e-16
11 6.15473357965e-18
12 -0.511989530382
13 0.128965705772
14 0.0995305550427
15 0.128965705772
16 0.0995305550427
  Sym=  None
  Ene=      -0.479437910452
  Spin= Alpha
  Occup=    2.0
4 -3.69570633304e-18
5 5.1797473224e-17
6 -7.36455180584e-17
7 1.02432083476e-15
8 0.520539773612
9 3.93664332685e-17
10 5.98280599718e-16
11 0.632809772354
12 7.63367876995e-17
13 9.84003297994e-16
14 7.90625809081e-16
15 -1.01117313725e-15
16 -7.20238394612e-16
  Sym=  None
  Ene=      0.268543619702
  Spin= Alpha
  Occup=    2.0
4 0.110539180347
5 -0.0345024428555
6 -1.06980644568
7 -6.24500451352e-16
8 -3.97200917381e-17
9 0.202285301297
10 -1.30451205393e-15
11 -4.71457089299e-17
12 0.455410100369
13 0.044304158685
14 0.87393515263
15 0.044304158685
16 0.87393515263
  Sym=  None
  Ene=      0.367577678586
  Spin= Alpha
  Occup=    0.0
4 -4.51028103754e-17
5 2.35922392733e-16
6 -2.77555756156e-16
7 -0.298954689189
8 2.27285820409e-16
9 -6.10622663544e-16
10 -0.779134873465
11 -2.82362282679e-16
12 -8.74300631892e-16
13 0.0296623416355
14 1.19947612048
15 -0.0296623416355
16 -1.19947612048
  Sym=  None
  Ene=      1.20931658556
  Spin= Alpha
  Occup=    0.0
4 1.11542719505e-15
5 -2.45983788894e-15
6 -3.44169137634e-15
7 0.183196850555
8 -7.48572244483e-17
9 1.53869972319e-15
10 0.504027868675
11 -1.76917857448e-16
12 4.62824223391e-15
13 -0.973898901038
14 0.651010308131
15 0.973898901038
16 -0.651010308131
  Sym=  None
  Ene=      1.31873975889
  Spin= Alpha
  Occup=    0.0
4 0.0711507366094
5 -0.0943402758046
6 -0.163040224083
7 -4.28823643261e-15
8 -1.83135747269e-16
9 0.264393935139
10 -2.85882428841e-15
11 3.98449096687e-16
12 0.331872987046
13 0.995980766846
14 -0.469022523275
15 0.995980766846
16 -0.469022523275
  Sym=  None
  Ene=      1.78331084676
  Spin= Alpha
  Occup=    0.0
4 2.62114036017e-16
5 -1.07855840966e-15
6 -4.51886656352e-16
7 -2.53109135911e-15
8 1.02965304771
9 -4.57772540698e-15
10 4.94353490886e-15
11 -0.964727343126
12 5.3277797006e-15
13 4.23509104825e-16
14 -1.44242192151e-15
15 2.45527237819e-15
16 1.9584107004e-15
  Sym=  None
  Ene=      1.85948446489
  Spin= Alpha
  Occup=    0.0
4 0.0437786123081
5 -0.122957038363
6 -0.191603164409
7 -2.24798478443e-15
8 -5.06765575692e-15
9 -1.01334259992
10 1.34961486431e-15
11 4.6169829827e-15
12 1.14888603595
13 0.244417086145
14 0.103815492668
15 0.244417086145
16 0.103815492668
  Sym=  None
  Ene=      2.01848357659
  Spin= Alpha
  Occup=    0.0
4 1.22840106143e-16
5 9.24607612696e-16
6 -1.70696790036e-15
7 1.06851699057
8 3.65948514332e-15
9 -1.34744645996e-15
10 -1.41132001992
11 -3.5839164899e-15
12 3.05137859424e-15
13 0.131807603221
14 0.5308098861
15 -0.131807603221
16 -0.5308098861
  Sym=  None
  Ene=      3.11894613596
  Spin= Alpha
  Occup=    0.0
4 0.0840470848411
5 -1.64677027085
6 2.02137810281
7 1.02760681908e-15
8 -5.91099667564e-16
9 0.152172857082
10 -2.64111649217e-15
11 3.67303932642e-16
12 -0.489474428691
13 -0.2825152474
14 -0.37281433991
15 -0.2825152474
16 -0.37281433991
