[Energy] 
E_elec: -84.9251760952
E_nuc: 9.32946299582
E_tot: -75.5957130993
SCF Details
Eigen: True
Step: 0 -84.9251236153
Step: 1 -84.9251635365
Step: 2 -84.925173006
Step: 3 -84.9251753309
Step: 4 -84.9251759072
Step: 5 -84.9251760506
Step: 6 -84.9251760863
Step: 7 -84.9251760952
[CM] 
C AO times MO
  0     1     2     3     4     5     6     7     8     9     10     11     12     
0 0.983226012518 -0.228723591972 9.05183423876e-11 -0.0878655553125 -2.50457993494e-11 -0.110273974155 3.50796418823e-10 -4.30705939664e-11 0.0728252536985 3.54818507592e-12 0.0431480949792 -1.44046179065e-10 0.084261527791 
1 0.0959740692166 0.218702816895 9.07992188381e-11 0.0783948411219 9.34883736521e-12 0.0348246134325 6.25478835392e-12 2.22410007078e-10 -0.0902646969896 4.67182643121e-11 -0.115336270542 -6.24111935743e-10 -1.64706099843 
2 -0.0385121863594 0.698351624941 -2.81007578318e-11 0.398412177989 8.12672716598e-11 1.07880330452 -2.86705659214e-09 -5.71369895841e-11 -0.212867369858 -5.71693504306e-11 -0.222433887414 1.60730135451e-09 2.03488797993 
3 -7.08755763497e-10 -4.96487836954e-10 -0.401372242137 2.87063943796e-10 3.53543869749e-16 -6.31813594498e-10 -0.297201074469 -0.170377249641 -4.08937397833e-11 2.74193064903e-15 8.24570828501e-10 1.07006287426 -6.72067329956e-10 
4 -3.91735882344e-11 -2.83352606804e-11 2.59033216049e-16 -1.07508427465e-10 0.51928332172 1.37372018003e-11 5.85178708231e-18 -1.1998502032e-15 1.97845893881e-11 -1.03023614587 -1.17414528582e-10 2.57306052865e-15 -3.32226398228e-11 
5 -0.00285385581686 -0.0823302556211 5.17285226806e-10 0.445269821704 9.51709502123e-11 -0.199927248235 3.47307061582e-10 -2.72276451385e-10 0.260472132272 1.16846587058e-10 -1.01628479247 8.62496881641e-10 0.142333603497 
6 4.20376533063e-10 -3.87963064452e-10 -0.361397162806 2.27114958784e-10 1.39450896355e-16 -1.49898057855e-09 -0.780146094281 -0.553351889391 -1.16985524046e-09 -2.42628953069e-15 -1.28143646909e-09 -1.40234533201 5.70161522162e-10 
7 1.62189696375e-11 -1.99986833396e-11 -2.28735404233e-17 -1.21722041798e-10 0.634008144751 3.64888429867e-11 -6.03412373319e-17 6.74000070418e-16 -3.2529244932e-11 0.963885551748 1.05936861276e-10 -2.41342401005e-15 1.97583401372e-11 
8 0.00670382044407 -0.086782607363 5.0825366138e-10 0.511856234197 1.20521255176e-10 -0.458634042501 8.29384699808e-10 -5.65218753745e-10 0.35970120182 -1.02788243857e-10 1.15569046697 -1.34702782956e-09 -0.489156215011 
9 0.00253090630442 0.122253022058 -0.237156499883 -0.130263071463 -9.29237324729e-12 -0.04378988061 0.0296294992926 0.981197416418 1.00747957935 8.07075087279e-12 0.240969255 0.110018178049 -0.282760224315 
10 0.00714345613305 0.0190497242791 -0.178902750047 -0.0984685589191 9.93216120105e-12 -0.877177801936 1.20294590155 -0.621296934962 -0.453366618028 -4.83494569311e-12 0.115350161583 0.545834710865 -0.376689621017 
11 0.00253090632543 0.122253022313 0.237156499278 -0.130263072228 -9.29241317592e-12 -0.043789881006 -0.0296294992772 -0.981197419016 1.00747957677 8.0723095159e-12 0.240969254623 -0.110018179276 -0.282760224312 
12 0.00714345646149 0.019049724179 0.178902749391 -0.0984685598081 9.9329212593e-12 -0.877177807152 -1.20294589746 0.621296936329 -0.453366616929 -4.839177424e-12 0.11535016068 -0.545834711469 -0.376689620545 
[DM] 
D 
  0     1     2     3     4     5     6     7     8     9     10     11     12     
0 1.02676822903 0.0374535012776 -0.232602382806 -6.44863204625e-10 -3.55951265548e-11 -0.0230989936294 4.49392793919e-10 1.5337017549e-11 -0.0185339319373 -0.0140280603315 0.0113185051202 -0.014028060259 0.0113185055765 
1 0.0374535012776 0.0631876951943 0.180268755713 -1.90545416983e-10 -1.35300607661e-11 0.0166271019532 -5.95133075285e-11 -6.43230896024e-12 0.0217906803967 0.016768028862 -0.00286761213393 0.0167680289028 -0.00286761216152 
2 -0.232602382806 0.180268755713 0.647910444126 -1.93778718407e-10 -1.89112427728e-11 0.12001535989 -1.86483356324e-10 -1.15621726361e-11 0.143066803433 0.0333797318667 -0.0262027772262 0.0333797317257 -0.026202777673 
3 -6.44863204625e-10 -1.90545416983e-10 -1.93778718407e-10 0.161099676758 7.9631663169e-17 -3.69043629478e-11 0.145054789537 2.33293988958e-16 -1.87283047592e-11 0.0951880359953 0.0718065978679 -0.0951880359526 -0.0718065976904 
4 -3.55951265548e-11 -1.35300607661e-11 -1.89112427728e-11 7.9631663169e-17 0.269655168216 3.99507385579e-12 -2.12292360714e-17 0.329229855403 9.75221399918e-12 5.61572616144e-12 1.49241455303e-11 5.61582836421e-12 1.49246329849e-11 
5 -0.0230989936294 0.0166271019532 0.12001535989 -3.69043629478e-11 3.99507385579e-12 0.205051629604 -5.50765718712e-11 7.7402158399e-12 0.23503983665 -0.0680745601259 -0.0454338328292 -0.0680745602422 -0.0454338330326 
6 4.49392793919e-10 -5.95133075285e-11 -1.86483356324e-10 0.145054789537 -2.12292360714e-17 -5.50765718712e-11 0.130607909284 9.66663686223e-17 -3.09446485851e-11 0.0857076861226 0.0646549462583 -0.0857076860562 -0.0646549460749 
7 1.5337017549e-11 -6.43230896024e-12 -1.15621726361e-11 2.33293988958e-16 0.329229855403 7.7402158399e-12 9.66663686223e-17 0.40196632761 1.59515384078e-11 7.56060134817e-12 1.80177593277e-11 7.56056527226e-12 1.80182331421e-11 
8 -0.0185339319373 0.0217906803967 0.143066803433 -1.87283047592e-11 9.75221399918e-12 0.23503983665 -3.09446485851e-11 1.59515384078e-11 0.269572966636 -0.0772684346053 -0.0520070421413 -0.0772684347778 -0.0520070424036 
9 -0.0140280603315 0.016768028862 0.0333797318667 0.0951880359953 5.61572616144e-12 -0.0680745601259 0.0857076861226 7.56060134817e-12 -0.0772684346053 0.0881638801126 0.0576017327284 -0.0243225304863 -0.0272541670526 
10 0.0113185051202 -0.00286761213393 -0.0262027772262 0.0718065978679 1.49241455303e-11 -0.0454338328292 0.0646549462583 1.80177593277e-11 -0.0520070421413 0.0576017327284 0.0421161720305 -0.027254167124 -0.0218962157128 
11 -0.014028060259 0.0167680289028 0.0333797317257 -0.0951880359526 5.61582836421e-12 -0.0680745602422 -0.0857076860562 7.56056527226e-12 -0.0772684347778 -0.0243225304863 -0.027254167124 0.0881638800878 0.0576017326497 
12 0.0113185055765 -0.00286761216152 -0.026202777673 -0.0718065976904 1.49246329849e-11 -0.0454338330326 -0.0646549460749 1.80182331421e-11 -0.0520070424036 -0.0272541670526 -0.0218962157128 0.0576017326497 0.042116171972 
[MOE] 
MOE 
0 -20.4216100816
1 -1.33134512914
2 -0.69712562617
3 -0.538364787115
4 -0.477832905286
5 0.271124956139
6 0.36897713826
7 1.21875543967
8 1.33689451636
9 1.78408146497
10 1.85877380619
11 2.01421131133
12 3.11434477649
[INPUT] 
mol = [(8,(0.0,0.0,0.0916858011029)),
(1,(1.42296788349,0.0,-0.981209549317)),
(1,(-1.42296788349,0.0,-0.981209549317)),
basis = [[(0,0,0),322.037,3.20959344299,(3.70333566079e-10,2.15674526894e-11,0.0915054064547)],
48.4308,3.20959344299,(3.70333566079e-10,2.15674526894e-11,0.0915054064547)],
10.4206,3.20959344299,(3.70333566079e-10,2.15674526894e-11,0.0915054064547)],
]
[(0,0,0),7.40294,4.59913973987,(-1.16833956087e-12,-6.965000777e-14,0.0880038862494)],
1.5762,4.59913973987,(-1.16833956087e-12,-6.965000777e-14,0.0880038862494)],
]
[(0,0,0),0.373684,2.92518278339,(7.67468270728e-16,3.11463243807e-16,0.0915865891091)],
]
[(1,0,0),7.40294,-1.29369515498,(-2.64861481574e-13,5.31827224244e-15,0.0773751914562)],
1.5762,-1.29369515498,(-2.64861481574e-13,5.31827224244e-15,0.0773751914562)],
]
[(0,1,0),7.40294,1.22471211548,(1.55443435065e-13,-2.34301848113e-14,0.0931268928205)],
1.5762,1.22471211548,(1.55443435065e-13,-2.34301848113e-14,0.0931268928205)],
]
[(0,0,1),7.40294,0.340634372672,(1.29604005249e-13,7.39740427855e-15,0.0911027628667)],
1.5762,0.340634372672,(1.29604005249e-13,7.39740427855e-15,0.0911027628667)],
]
[(1,0,0),0.373684,4.25723044476,(-1.03914203912e-14,3.62502524773e-16,0.0868245773354)],
]
[(0,1,0),0.373684,2.1497572264,(1.39285141886e-14,-2.09492235481e-15,0.0733363270455)],
]
[(0,0,1),0.373684,4.25723044476,(1.05180134384e-14,1.06876300713e-15,0.0783659209301)],
]
[(0,0,0),5.447178,2.1497572264,(1.40507610087,6.75086085521e-18,-0.970454644337)],
0.824547,2.1497572264,(1.40507610087,6.75086085521e-18,-0.970454644337)],
]
[(0,0,0),0.183192,4.25723044476,(1.42269961148,-3.00487884032e-16,-0.982550298782)],
]
[(0,0,0),5.447178,2.1497572264,(-1.40507610087,-3.44420897704e-17,-0.970454644337)],
0.824547,2.1497572264,(-1.40507610087,-3.44420897704e-17,-0.970454644337)],
]
[(0,0,0),0.183192,0.416457527847,(-1.42269961148,-1.1490220776e-17,-0.982550298782)],
]
[Atoms]
O 1 8 0.0 0.0 0.0916858011029
H 2 1 1.42296788349 0.0 -0.981209549317
H 3 1 -1.42296788349 0.0 -0.981209549317
XX 4 0 3.70333566079e-10 2.15674526894e-11 0.0915054064547
XX 5 0 -1.16833956087e-12 -6.965000777e-14 0.0880038862494
XX 6 0 7.67468270728e-16 3.11463243807e-16 0.0915865891091
XX 7 0 -2.64861481574e-13 5.31827224244e-15 0.0773751914562
XX 8 0 1.55443435065e-13 -2.34301848113e-14 0.0931268928205
XX 9 0 1.29604005249e-13 7.39740427855e-15 0.0911027628667
XX 10 0 -1.03914203912e-14 3.62502524773e-16 0.0868245773354
XX 11 0 1.39285141886e-14 -2.09492235481e-15 0.0733363270455
XX 12 0 1.05180134384e-14 1.06876300713e-15 0.0783659209301
XX 13 0 1.40507610087 6.75086085521e-18 -0.970454644337
XX 14 0 1.42269961148 -3.00487884032e-16 -0.982550298782
XX 15 0 -1.40507610087 -3.44420897704e-17 -0.970454644337
XX 16 0 -1.42269961148 -1.1490220776e-17 -0.982550298782
[GTO]
  4  0
 s   3 1.0 0 0 0
  322.037 3.20959344299
  48.4308 4.59913973987
  10.4206 2.92518278339
  
  5  0
 s   2 1.0 0 0 0
  7.40294 -1.29369515498
  1.5762 1.22471211548
  
  6  0
 s   1 1.0 0 0 0
  0.373684 0.340634372672
  
  7  0
 p   2 1.0 1 0 0
  7.40294 4.25723044476
  1.5762 2.1497572264
  
  8  0
 p   2 1.0 0 1 0
  7.40294 4.25723044476
  1.5762 2.1497572264
  
  9  0
 p   2 1.0 0 0 1
  7.40294 4.25723044476
  1.5762 2.1497572264
  
  10  0
 p   1 1.0 1 0 0
  0.373684 0.416457527847
  
  11  0
 p   1 1.0 0 1 0
  0.373684 0.416457527847
  
  12  0
 p   1 1.0 0 0 1
  0.373684 0.416457527847
  
  13  0
 s   2 1.0 0 0 0
  5.447178 0.397151320568
  0.824547 0.557919923333
  
  14  0
 s   1 1.0 0 0 0
  0.183192 0.199567570484
  
  15  0
 s   2 1.0 0 0 0
  5.447178 0.397151320568
  0.824547 0.557919923333
  
  16  0
 s   1 1.0 0 0 0
  0.183192 0.199567570484
  
[MO]
  Sym=  None
  Ene=      -20.4216100816
  Spin= Alpha
  Occup=    2.0
4 0.983226012518
5 0.0959740692166
6 -0.0385121863594
7 -7.08755763497e-10
8 -3.91735882344e-11
9 -0.00285385581686
10 4.20376533063e-10
11 1.62189696375e-11
12 0.00670382044407
13 0.00253090630442
14 0.00714345613305
15 0.00253090632543
16 0.00714345646149
  Sym=  None
  Ene=      -1.33134512914
  Spin= Alpha
  Occup=    2.0
4 -0.228723591972
5 0.218702816895
6 0.698351624941
7 -4.96487836954e-10
8 -2.83352606804e-11
9 -0.0823302556211
10 -3.87963064452e-10
11 -1.99986833396e-11
12 -0.086782607363
13 0.122253022058
14 0.0190497242791
15 0.122253022313
16 0.019049724179
  Sym=  None
  Ene=      -0.69712562617
  Spin= Alpha
  Occup=    2.0
4 9.05183423876e-11
5 9.07992188381e-11
6 -2.81007578318e-11
7 -0.401372242137
8 2.59033216049e-16
9 5.17285226806e-10
10 -0.361397162806
11 -2.28735404233e-17
12 5.0825366138e-10
13 -0.237156499883
14 -0.178902750047
15 0.237156499278
16 0.178902749391
  Sym=  None
  Ene=      -0.538364787115
  Spin= Alpha
  Occup=    2.0
4 -0.0878655553125
5 0.0783948411219
6 0.398412177989
7 2.87063943796e-10
8 -1.07508427465e-10
9 0.445269821704
10 2.27114958784e-10
11 -1.21722041798e-10
12 0.511856234197
13 -0.130263071463
14 -0.0984685589191
15 -0.130263072228
16 -0.0984685598081
  Sym=  None
  Ene=      -0.477832905286
  Spin= Alpha
  Occup=    2.0
4 -2.50457993494e-11
5 9.34883736521e-12
6 8.12672716598e-11
7 3.53543869749e-16
8 0.51928332172
9 9.51709502123e-11
10 1.39450896355e-16
11 0.634008144751
12 1.20521255176e-10
13 -9.29237324729e-12
14 9.93216120105e-12
15 -9.29241317592e-12
16 9.9329212593e-12
  Sym=  None
  Ene=      0.271124956139
  Spin= Alpha
  Occup=    2.0
4 -0.110273974155
5 0.0348246134325
6 1.07880330452
7 -6.31813594498e-10
8 1.37372018003e-11
9 -0.199927248235
10 -1.49898057855e-09
11 3.64888429867e-11
12 -0.458634042501
13 -0.04378988061
14 -0.877177801936
15 -0.043789881006
16 -0.877177807152
  Sym=  None
  Ene=      0.36897713826
  Spin= Alpha
  Occup=    0.0
4 3.50796418823e-10
5 6.25478835392e-12
6 -2.86705659214e-09
7 -0.297201074469
8 5.85178708231e-18
9 3.47307061582e-10
10 -0.780146094281
11 -6.03412373319e-17
12 8.29384699808e-10
13 0.0296294992926
14 1.20294590155
15 -0.0296294992772
16 -1.20294589746
  Sym=  None
  Ene=      1.21875543967
  Spin= Alpha
  Occup=    0.0
4 -4.30705939664e-11
5 2.22410007078e-10
6 -5.71369895841e-11
7 -0.170377249641
8 -1.1998502032e-15
9 -2.72276451385e-10
10 -0.553351889391
11 6.74000070418e-16
12 -5.65218753745e-10
13 0.981197416418
14 -0.621296934962
15 -0.981197419016
16 0.621296936329
  Sym=  None
  Ene=      1.33689451636
  Spin= Alpha
  Occup=    0.0
4 0.0728252536985
5 -0.0902646969896
6 -0.212867369858
7 -4.08937397833e-11
8 1.97845893881e-11
9 0.260472132272
10 -1.16985524046e-09
11 -3.2529244932e-11
12 0.35970120182
13 1.00747957935
14 -0.453366618028
15 1.00747957677
16 -0.453366616929
  Sym=  None
  Ene=      1.78408146497
  Spin= Alpha
  Occup=    0.0
4 3.54818507592e-12
5 4.67182643121e-11
6 -5.71693504306e-11
7 2.74193064903e-15
8 -1.03023614587
9 1.16846587058e-10
10 -2.42628953069e-15
11 0.963885551748
12 -1.02788243857e-10
13 8.07075087279e-12
14 -4.83494569311e-12
15 8.0723095159e-12
16 -4.839177424e-12
  Sym=  None
  Ene=      1.85877380619
  Spin= Alpha
  Occup=    0.0
4 0.0431480949792
5 -0.115336270542
6 -0.222433887414
7 8.24570828501e-10
8 -1.17414528582e-10
9 -1.01628479247
10 -1.28143646909e-09
11 1.05936861276e-10
12 1.15569046697
13 0.240969255
14 0.115350161583
15 0.240969254623
16 0.11535016068
  Sym=  None
  Ene=      2.01421131133
  Spin= Alpha
  Occup=    0.0
4 -1.44046179065e-10
5 -6.24111935743e-10
6 1.60730135451e-09
7 1.07006287426
8 2.57306052865e-15
9 8.62496881641e-10
10 -1.40234533201
11 -2.41342401005e-15
12 -1.34702782956e-09
13 0.110018178049
14 0.545834710865
15 -0.110018179276
16 -0.545834711469
  Sym=  None
  Ene=      3.11434477649
  Spin= Alpha
  Occup=    0.0
4 0.084261527791
5 -1.64706099843
6 2.03488797993
7 -6.72067329956e-10
8 -3.32226398228e-11
9 0.142333603497
10 5.70161522162e-10
11 1.97583401372e-11
12 -0.489156215011
13 -0.282760224315
14 -0.376689621017
15 -0.282760224312
16 -0.376689620545
