[Energy] 
E_elec: -84.9344460884
E_nuc: 9.32946299582
E_tot: -75.6049830926
SCF Details
Eigen: True
Step: 0 -84.9341578622
Step: 1 -84.9343769089
Step: 2 -84.9344291505
Step: 3 -84.9344419183
Step: 4 -84.9344450607
Step: 5 -84.9344458354
Step: 6 -84.9344460266
Step: 7 -84.9344460739
Step: 8 -84.9344460855
Step: 9 -84.9344460884
[CM] 
C AO times MO
  0     1     2     3     4     5     6     7     8     9     10     11     12     
0 0.98321887556 -0.228611634048 5.67637590327e-05 0.0872678385513 1.49288019048e-05 0.110098815754 -0.000221533121712 -2.24409031007e-05 0.075300032864 -2.80377857914e-06 -0.0410550402633 -8.96369184058e-05 0.0847758847426 
1 0.0958757288223 0.220467689479 5.38176974038e-05 -0.0740900627021 -4.75111190648e-06 -0.035665905857 -2.51154182441e-06 0.000125453146873 -0.0843675146479 -2.85011533305e-05 0.109752580984 -0.000403607356912 -1.64598040863 
2 -0.0385907556316 0.692206332787 -1.257704709e-05 -0.391055255013 -4.58714304496e-05 -1.09189887704 0.0018299068892 4.94592265153e-06 -0.28929428279 3.73117456997e-05 0.26094884012 0.00105673079994 2.05322667864 
3 -0.000446517201821 -0.000312431519985 -0.400607157231 -0.000185948714606 -2.59825452976e-08 0.000399254385744 0.295894453193 -0.163873945605 8.27642940507e-06 -1.23528122243e-09 -0.000502014555888 1.07228573266 -0.00042757227242 
4 -2.47026273382e-05 -1.79448911066e-05 2.95832038262e-08 6.27906827117e-05 -0.518625575435 -8.56582054428e-06 1.26396187268e-08 -3.54711051612e-09 1.4425634037e-05 1.0304378322 6.79127943711e-05 3.16050797269e-08 -2.10704854036e-05 
5 -0.00259912852161 -0.078398051207 0.00033045596923 -0.445773294874 -5.61765630818e-05 0.196737061775 -0.000217419815763 -0.000141328518394 0.25401184015 -6.85635394332e-05 1.01961391572 0.000522303802197 0.133594484545 
6 0.000265554631 -0.000243040973908 -0.356143488623 -0.000143584984998 -1.95717674652e-08 0.000958762236567 0.78219366592 -0.600536073771 -0.000725514188693 8.4620276028e-09 0.00078172607184 -1.40383757422 0.000362816566052 
7 1.02244692682e-05 -1.26553614117e-05 3.06799744728e-08 7.11731154356e-05 -0.634679001729 -2.30996710248e-05 4.36188135275e-08 6.18508101209e-09 -2.24278398135e-05 -0.963305339709 -6.13195388108e-05 -2.37095069099e-08 1.25207246812e-05 
8 0.00663014614922 -0.0788426687654 0.00032111247533 -0.511881236795 -7.16904899197e-05 0.463156769248 -0.000533613885305 -0.000348260705635 0.401212673842 5.70126647217e-05 -1.16359794768 -0.00084133672905 -0.487188980963 
9 0.00247027656536 0.124377400868 -0.237724779248 0.131270245791 4.58439265394e-06 0.0436340060561 -0.0307088390205 0.988975544293 1.02606636163 -9.27884637793e-06 -0.233901658914 0.1027377277 -0.282644474068 
10 0.00708814692638 0.021302846767 -0.183508578356 0.0966478130458 -7.68204332885e-06 0.879965217772 -1.20663931619 -0.589158071957 -0.429933553019 3.68817529041e-06 -0.132011563269 0.556500770008 -0.382508902657 
11 0.00248233600127 0.124540857305 0.237336246419 0.131758923911 4.66331461295e-06 0.0438818216013 0.0306969807953 -0.990423904149 1.02463769065 -9.27352783634e-06 -0.233676872889 -0.103523455306 -0.282645632071 
12 0.00729794177965 0.0212417896044 0.183091008001 0.097216690964 -7.5753727289e-06 0.883296023116 1.204030745 0.589881155017 -0.42942839492 3.69255271036e-06 -0.131449387538 -0.55689812971 -0.382204569222 
[DM] 
D 
  0     1     2     3     4     5     6     7     8     9     10     11     12     
0 1.02659831557 0.0373996708934 -0.230316128453 -0.000406565971714 -2.24485282339e-05 -0.0235344596381 0.000283913925126 9.68218262745e-06 -0.020127515792 -0.0145631217714 0.0105229502353 -0.0145190206156 0.0108136371912 
1 0.0373996708934 0.0632874977916 0.177882521915 -0.000119474020205 -8.51276696076e-06 0.0154939588688 -3.66510400455e-05 -4.06760781934e-06 0.0211787396315 0.0179194231952 -0.00179434784261 0.0179459767631 -0.00181011339525 
2 -0.230316128453 0.177882521915 0.633563068306 -0.000121280962192 -1.22328040095e-05 0.120154662736 -0.000117853557888 -7.87367881481e-06 0.145342589878 0.0346685649187 -0.0233198983361 0.0345841701018 -0.0235973320771 
3 -0.000406565971714 -0.000119474020205 -0.000121280962192 0.160486425993 6.58482022122e-09 -2.38374758789e-05 0.142673614602 -9.64605838132e-09 -1.17838354816e-05 0.0951698760431 0.0734870577061 -0.0951431182835 -0.0733755408094 
4 -2.24485282339e-05 -8.51276696076e-06 -1.22328040095e-05 6.58482022122e-09 0.26897249237 2.61525240556e-06 -1.15997987629e-08 0.329160766932 6.29019983766e-06 3.56497117809e-06 9.48988441646e-06 3.56554738391e-06 9.47704091839e-06 
5 -0.0235344596381 0.0154939588688 0.120154662736 -2.38374758789e-05 2.61525240556e-06 0.204866952682 -3.53196606593e-05 4.89260190383e-06 0.234346974632 -0.0683526942236 -0.0448321798139 -0.0684263931423 -0.0449603839034 
6 0.000283913925126 -3.66510400455e-05 -0.000117853557888 0.142673614602 -1.15997987629e-08 -3.53196606593e-05 0.126838334694 -2.93314748849e-09 -1.99409910791e-05 0.0846157109661 0.0653382129391 -0.084574286715 -0.0652238538048 
7 9.68218262745e-06 -4.06760781934e-06 -7.87367881481e-06 -9.64605838132e-09 0.329160766932 4.89260190383e-06 -2.93314748849e-09 0.402817440566 1.01338482651e-05 4.87721752107e-06 1.15516048227e-05 4.87453771635e-06 1.1538557054e-05 
8 -0.020127515792 0.0211787396315 0.145342589878 -1.17838354816e-05 6.29019983766e-06 0.234346974632 -1.99409910791e-05 1.01338482651e-05 0.268282634092 -0.0770609804149 -0.0511637062599 -0.0771713849452 -0.0513309796191 
9 -0.0145631217714 0.0179194231952 0.0346685649187 0.0951698760431 3.56497117809e-06 -0.0683526942236 0.0846157109661 4.87721752107e-06 -0.0770609804149 0.0892207882326 0.0589786208136 -0.0236284802492 -0.0281035840608 
10 0.0105229502353 -0.00179434784261 -0.0233198983361 0.0734870577061 9.48988441646e-06 -0.0448321798139 0.0653382129391 1.15516048227e-05 -0.0511637062599 0.0589786208136 0.0435202512631 -0.0281483554015 -0.023698750484 
11 -0.0145190206156 0.0179459767631 0.0345841701018 -0.0951431182835 3.56554738391e-06 -0.0684263931423 -0.084574286715 4.87453771635e-06 -0.0771713849452 -0.0236284802492 -0.0281483554015 0.0892054950465 0.0589268857758 
12 0.0108136371912 -0.00181011339525 -0.0235973320771 -0.0733755408094 9.47704091839e-06 -0.0449603839034 -0.0652238538048 1.1538557054e-05 -0.0513309796191 -0.0281035840608 -0.023698750484 0.0589268857758 0.0434778758498 
[MOE] 
MOE 
0 -20.4197730988
1 -1.32724496527
2 -0.694963524565
3 -0.540491250889
4 -0.477503647108
5 0.274114623496
6 0.370373164829
7 1.23162044618
8 1.36562262852
9 1.78343169558
10 1.85581331784
11 2.01514063955
12 3.10648831699
[INPUT] 
mol = [(8,(0.0,0.0,0.0916858011029)),
(1,(1.42296788349,0.0,-0.981209549317)),
(1,(-1.42296788349,0.0,-0.981209549317)),
basis = [[(0,0,0),322.037,3.20959344299,(0.000232992953626,1.36097397487e-05,0.0915129659817)],
48.4308,3.20959344299,(0.000232992953626,1.36097397487e-05,0.0915129659817)],
10.4206,3.20959344299,(0.000232992953626,1.36097397487e-05,0.0915129659817)],
]
[(0,0,0),7.40294,4.59913973987,(-7.33935811505e-07,-4.38042469169e-08,0.0865903541094)],
1.5762,4.59913973987,(-7.33935811505e-07,-4.38042469169e-08,0.0865903541094)],
]
[(0,0,0),0.373684,2.92518278339,(-9.5695464955e-11,3.91641098709e-12,0.0911066240084)],
]
[(1,0,0),7.40294,-1.29369515498,(-1.67097087199e-07,3.27714222507e-09,0.0831974252651)],
1.5762,-1.29369515498,(-1.67097087199e-07,3.27714222507e-09,0.0831974252651)],
]
[(0,1,0),7.40294,1.22471211548,(9.75125625147e-08,-1.57550887279e-08,0.0813876063261)],
1.5762,1.22471211548,(9.75125625147e-08,-1.57550887279e-08,0.0813876063261)],
]
[(0,0,1),7.40294,0.340634372672,(8.10408584497e-08,4.3812866161e-09,0.0909863419565)],
1.5762,0.340634372672,(8.10408584497e-08,4.3812866161e-09,0.0909863419565)],
]
[(1,0,0),0.373684,4.25723044476,(-5.80109110506e-09,1.92994411247e-10,0.0801044877611)],
]
[(0,1,0),0.373684,2.1497572264,(8.84682424338e-09,-1.35776613013e-09,0.0441713976779)],
]
[(0,0,1),0.373684,4.25723044476,(5.6261723475e-09,5.69464434855e-10,0.0581657004377)],
]
[(0,0,0),5.447178,2.1497572264,(1.37938243592,-7.91420251363e-11,-0.953826812289)],
0.824547,2.1497572264,(1.37938243592,-7.91420251363e-11,-0.953826812289)],
]
[(0,0,0),0.183192,4.25723044476,(1.42232882262,-7.93484668305e-11,-0.98488363799)],
]
[(0,0,0),5.447178,2.1497572264,(-1.37938243608,-7.91419577497e-11,-0.95382681129)],
0.824547,2.1497572264,(-1.37938243608,-7.91419577497e-11,-0.95382681129)],
]
[(0,0,0),0.183192,0.416457527847,(-1.42232882494,-7.93590645809e-11,-0.98488363747)],
]
[Atoms]
O 1 8 0.0 0.0 0.0916858011029
H 2 1 1.42296788349 0.0 -0.981209549317
H 3 1 -1.42296788349 0.0 -0.981209549317
XX 4 0 0.000232992953626 1.36097397487e-05 0.0915129659817
XX 5 0 -7.33935811505e-07 -4.38042469169e-08 0.0865903541094
XX 6 0 -9.5695464955e-11 3.91641098709e-12 0.0911066240084
XX 7 0 -1.67097087199e-07 3.27714222507e-09 0.0831974252651
XX 8 0 9.75125625147e-08 -1.57550887279e-08 0.0813876063261
XX 9 0 8.10408584497e-08 4.3812866161e-09 0.0909863419565
XX 10 0 -5.80109110506e-09 1.92994411247e-10 0.0801044877611
XX 11 0 8.84682424338e-09 -1.35776613013e-09 0.0441713976779
XX 12 0 5.6261723475e-09 5.69464434855e-10 0.0581657004377
XX 13 0 1.37938243592 -7.91420251363e-11 -0.953826812289
XX 14 0 1.42232882262 -7.93484668305e-11 -0.98488363799
XX 15 0 -1.37938243608 -7.91419577497e-11 -0.95382681129
XX 16 0 -1.42232882494 -7.93590645809e-11 -0.98488363747
[GTO]
  4  0
 s   3 1.0 0 0 0
  322.037 3.20959344299
  48.4308 4.59913973987
  10.4206 2.92518278339
  
  5  0
 s   2 1.0 0 0 0
  7.40294 -1.29369515498
  1.5762 1.22471211548
  
  6  0
 s   1 1.0 0 0 0
  0.373684 0.340634372672
  
  7  0
 p   2 1.0 1 0 0
  7.40294 4.25723044476
  1.5762 2.1497572264
  
  8  0
 p   2 1.0 0 1 0
  7.40294 4.25723044476
  1.5762 2.1497572264
  
  9  0
 p   2 1.0 0 0 1
  7.40294 4.25723044476
  1.5762 2.1497572264
  
  10  0
 p   1 1.0 1 0 0
  0.373684 0.416457527847
  
  11  0
 p   1 1.0 0 1 0
  0.373684 0.416457527847
  
  12  0
 p   1 1.0 0 0 1
  0.373684 0.416457527847
  
  13  0
 s   2 1.0 0 0 0
  5.447178 0.397151320568
  0.824547 0.557919923333
  
  14  0
 s   1 1.0 0 0 0
  0.183192 0.199567570484
  
  15  0
 s   2 1.0 0 0 0
  5.447178 0.397151320568
  0.824547 0.557919923333
  
  16  0
 s   1 1.0 0 0 0
  0.183192 0.199567570484
  
[MO]
  Sym=  None
  Ene=      -20.4197730988
  Spin= Alpha
  Occup=    2.0
4 0.98321887556
5 0.0958757288223
6 -0.0385907556316
7 -0.000446517201821
8 -2.47026273382e-05
9 -0.00259912852161
10 0.000265554631
11 1.02244692682e-05
12 0.00663014614922
13 0.00247027656536
14 0.00708814692638
15 0.00248233600127
16 0.00729794177965
  Sym=  None
  Ene=      -1.32724496527
  Spin= Alpha
  Occup=    2.0
4 -0.228611634048
5 0.220467689479
6 0.692206332787
7 -0.000312431519985
8 -1.79448911066e-05
9 -0.078398051207
10 -0.000243040973908
11 -1.26553614117e-05
12 -0.0788426687654
13 0.124377400868
14 0.021302846767
15 0.124540857305
16 0.0212417896044
  Sym=  None
  Ene=      -0.694963524565
  Spin= Alpha
  Occup=    2.0
4 5.67637590327e-05
5 5.38176974038e-05
6 -1.257704709e-05
7 -0.400607157231
8 2.95832038262e-08
9 0.00033045596923
10 -0.356143488623
11 3.06799744728e-08
12 0.00032111247533
13 -0.237724779248
14 -0.183508578356
15 0.237336246419
16 0.183091008001
  Sym=  None
  Ene=      -0.540491250889
  Spin= Alpha
  Occup=    2.0
4 0.0872678385513
5 -0.0740900627021
6 -0.391055255013
7 -0.000185948714606
8 6.27906827117e-05
9 -0.445773294874
10 -0.000143584984998
11 7.11731154356e-05
12 -0.511881236795
13 0.131270245791
14 0.0966478130458
15 0.131758923911
16 0.097216690964
  Sym=  None
  Ene=      -0.477503647108
  Spin= Alpha
  Occup=    2.0
4 1.49288019048e-05
5 -4.75111190648e-06
6 -4.58714304496e-05
7 -2.59825452976e-08
8 -0.518625575435
9 -5.61765630818e-05
10 -1.95717674652e-08
11 -0.634679001729
12 -7.16904899197e-05
13 4.58439265394e-06
14 -7.68204332885e-06
15 4.66331461295e-06
16 -7.5753727289e-06
  Sym=  None
  Ene=      0.274114623496
  Spin= Alpha
  Occup=    2.0
4 0.110098815754
5 -0.035665905857
6 -1.09189887704
7 0.000399254385744
8 -8.56582054428e-06
9 0.196737061775
10 0.000958762236567
11 -2.30996710248e-05
12 0.463156769248
13 0.0436340060561
14 0.879965217772
15 0.0438818216013
16 0.883296023116
  Sym=  None
  Ene=      0.370373164829
  Spin= Alpha
  Occup=    0.0
4 -0.000221533121712
5 -2.51154182441e-06
6 0.0018299068892
7 0.295894453193
8 1.26396187268e-08
9 -0.000217419815763
10 0.78219366592
11 4.36188135275e-08
12 -0.000533613885305
13 -0.0307088390205
14 -1.20663931619
15 0.0306969807953
16 1.204030745
  Sym=  None
  Ene=      1.23162044618
  Spin= Alpha
  Occup=    0.0
4 -2.24409031007e-05
5 0.000125453146873
6 4.94592265153e-06
7 -0.163873945605
8 -3.54711051612e-09
9 -0.000141328518394
10 -0.600536073771
11 6.18508101209e-09
12 -0.000348260705635
13 0.988975544293
14 -0.589158071957
15 -0.990423904149
16 0.589881155017
  Sym=  None
  Ene=      1.36562262852
  Spin= Alpha
  Occup=    0.0
4 0.075300032864
5 -0.0843675146479
6 -0.28929428279
7 8.27642940507e-06
8 1.4425634037e-05
9 0.25401184015
10 -0.000725514188693
11 -2.24278398135e-05
12 0.401212673842
13 1.02606636163
14 -0.429933553019
15 1.02463769065
16 -0.42942839492
  Sym=  None
  Ene=      1.78343169558
  Spin= Alpha
  Occup=    0.0
4 -2.80377857914e-06
5 -2.85011533305e-05
6 3.73117456997e-05
7 -1.23528122243e-09
8 1.0304378322
9 -6.85635394332e-05
10 8.4620276028e-09
11 -0.963305339709
12 5.70126647217e-05
13 -9.27884637793e-06
14 3.68817529041e-06
15 -9.27352783634e-06
16 3.69255271036e-06
  Sym=  None
  Ene=      1.85581331784
  Spin= Alpha
  Occup=    0.0
4 -0.0410550402633
5 0.109752580984
6 0.26094884012
7 -0.000502014555888
8 6.79127943711e-05
9 1.01961391572
10 0.00078172607184
11 -6.13195388108e-05
12 -1.16359794768
13 -0.233901658914
14 -0.132011563269
15 -0.233676872889
16 -0.131449387538
  Sym=  None
  Ene=      2.01514063955
  Spin= Alpha
  Occup=    0.0
4 -8.96369184058e-05
5 -0.000403607356912
6 0.00105673079994
7 1.07228573266
8 3.16050797269e-08
9 0.000522303802197
10 -1.40383757422
11 -2.37095069099e-08
12 -0.00084133672905
13 0.1027377277
14 0.556500770008
15 -0.103523455306
16 -0.55689812971
  Sym=  None
  Ene=      3.10648831699
  Spin= Alpha
  Occup=    0.0
4 0.0847758847426
5 -1.64598040863
6 2.05322667864
7 -0.00042757227242
8 -2.10704854036e-05
9 0.133594484545
10 0.000362816566052
11 1.25207246812e-05
12 -0.487188980963
13 -0.282644474068
14 -0.382508902657
15 -0.282645632071
16 -0.382204569222
