[Energy] 
E_elec: -84.9386203417
E_nuc: 9.32946299582
E_tot: -75.6091573459
SCF Details
Eigen: True
Step: 0 -84.9381395013
Step: 1 -84.938505343
Step: 2 -84.9385923053
Step: 3 -84.9386134669
Step: 4 -84.9386186541
Step: 5 -84.9386199279
Step: 6 -84.938620241
Step: 7 -84.9386203181
Step: 8 -84.938620337
Step: 9 -84.9386203417
[CM] 
C AO times MO
  0     1     2     3     4     5     6     7     8     9     10     11     12     
0 0.98321279413 -0.228453665889 -3.90733204809e-05 0.0876373350793 -0.000399700735939 -0.109582976919 -0.000152127100831 1.47046786661e-05 0.0760640309064 7.98783032645e-05 -0.0408356485488 -6.02205942498e-05 0.0853377797843 
1 0.0958161521027 0.221392409286 -3.52419181564e-05 -0.07156387495 0.000115537541844 0.0361590852602 -1.03432724357e-06 -8.14147788227e-05 -0.0810098190516 0.000758105341407 0.0993599764624 -0.000289617271384 -1.64570603522 
2 -0.0386490126701 0.688758668433 1.08829629201e-05 -0.385744938664 0.00118519593688 1.09902793891 0.00126858934929 -2.41274909936e-05 -0.333170306037 -0.00101008865145 0.292036545249 0.00074930534622 2.06139210835 
3 -0.00030699538101 -0.000215733527532 0.400626451426 -0.000129451568609 4.80407584699e-07 -0.000275213381399 0.294711249958 0.156874041661 1.87076628317e-05 5.23887960574e-08 -0.000325704609118 1.07351424682 -0.000299498069675 
4 -0.000672064446318 -0.000487893189767 -5.53408178511e-07 0.00165740560449 0.517877449229 0.000230518400097 2.34508730725e-07 6.49953000167e-08 0.000417770429511 -1.03054729862 0.0018142561389 5.6540244713e-07 -0.000576481248712 
5 -0.0022531190935 -0.0761790374324 -0.000227024382367 -0.44609554979 0.00148527217022 -0.195062776649 -0.00014936896645 8.80795848168e-05 0.248778657588 0.00184454400501 1.02239630122 0.000337458722246 0.121375231339 
6 0.000182047029259 -0.000166931565129 0.353576868022 -9.64610411298e-05 3.47535555575e-07 -0.000664281866794 0.782867171282 0.634668189369 -0.000504196220377 -2.03554930266e-07 0.000509935273436 -1.39895956508 0.000252571695504 
7 0.000278007020548 -0.000344733867021 -5.74948605221e-07 0.0018781425333 0.635485601412 0.000625117602228 8.15030334929e-07 -1.10204477416e-07 -0.000632490227174 0.962487551555 -0.00163726520662 -4.21017271622e-07 0.000342570398287 
8 0.00670466807553 -0.0735187303896 -0.000220109107076 -0.51325873077 0.00191219390354 -0.464739864353 -0.000371271959434 0.000241973667147 0.422893905169 -0.00150402097036 -1.16831673618 -0.000562323973822 -0.480332620183 
9 0.00242872476695 0.12543354492 0.237064023723 0.131487610595 -0.000112102576924 -0.0435615082017 -0.0309707858478 -0.995715924225 1.03532475756 0.000298328278374 -0.228742339286 0.0922486412417 -0.2799713228 
10 0.00717363058908 0.0227001299522 0.185665903926 0.0956220699067 0.000222467539447 -0.88290459183 -1.20785261296 0.568614410086 -0.415919989775 -0.000117872781467 -0.143936843961 0.563967386614 -0.38550560814 
11 0.00243481138682 0.125546968164 -0.236795751927 0.131823685988 -0.000113545797789 -0.0437306327889 0.0309617187482 0.996671113775 1.03438729308 0.000298221280109 -0.228595533695 -0.0927896818096 -0.279974910127 
12 0.00731901475697 0.0226596318301 -0.185377934821 0.0960154620333 0.000220499088091 -0.885214229906 1.20604646747 -0.569071717392 -0.41562473 -0.000117992228055 -0.143567567523 -0.564247640962 -0.385291396243 
[DM] 
D 
  0     1     2     3     4     5     6     7     8     9     10     11     12     
0 1.02657893979 0.0373580470384 -0.229155779048 -0.000279555459372 -0.000611066739971 -0.0239071251223 0.000194857946535 0.000262687141558 -0.0215936441745 -0.0147537941808 0.0102399973494 -0.0147257530906 0.010441167407 
1 0.0373580470384 0.0633167366818 0.176388280448 -8.20316147849e-05 -0.000231186538426 0.0148431599104 -2.50718965509e-05 -0.00011066859128 0.0210969389606 0.0185846153118 -0.00113661723162 0.0186029582568 -0.00114672965269 
2 -0.229155779048 0.176388280448 0.624682812035 -8.24274092029e-05 -0.000335615617064 0.119698966804 -8.09537662224e-05 -0.000219492165904 0.147093429899 0.0355813403732 -0.0215257876887 0.0355244282833 -0.021715089487 
3 -0.000279555459372 -8.20316147849e-05 -8.24274092029e-05 0.160501711128 1.24104144132e-07 -1.60774208651e-05 0.141652238554 -1.79152231588e-07 -7.93631114536e-06 0.0949292914252 0.07436319447 -0.0949115388109 -0.0742868687924 
4 -0.000611066739971 -0.000231186538426 -0.000335615617064 1.24104144132e-07 0.268200489124 6.85092990045e-05 -2.16469135781e-07 0.32910675648 0.000170967644913 9.69112810626e-05 0.000257696346532 9.69236916071e-05 0.000257456330203 
5 -0.0239071251223 0.0148431599104 0.119698966804 -1.60774208651e-05 6.85092990045e-05 0.204811819406 -2.49327004097e-05 0.000131673294139 0.234550805485 -0.0682709026755 -0.0444438372028 -0.0683219030204 -0.0445323370651 
6 0.000194857946535 -2.50718965509e-05 -8.09537662224e-05 0.141652238554 -2.16469135781e-07 -2.49327004097e-05 0.125016671912 -5.54449535343e-08 -1.4822190973e-05 0.083787174882 0.0656354616513 -0.0837587307183 -0.0655570614721 
7 0.000262687141558 -0.00011066859128 -0.000219492165904 -1.79152231588e-07 0.32910675648 0.000131673294139 -5.54449535343e-08 0.403845673151 0.000278407107533 0.000133010612457 0.000315028862448 0.000132959700172 0.000314784496471 
8 -0.0215936441745 0.0210969389606 0.147093429899 -7.93631114536e-06 0.000170967644913 0.234550805485 -1.4822190973e-05 0.000278407107533 0.268888185937 -0.076744989616 -0.0507400915109 -0.076821483077 -0.0508563849675 
9 -0.0147537941808 0.0185846153118 0.0355813403732 0.0949292914252 9.69112810626e-05 -0.0682709026755 0.083787174882 0.000133010612457 -0.076744989616 0.089227828546 0.0594525793501 -0.0230488447755 -0.0284615663542 
10 0.0102399973494 -0.00113661723162 -0.0215257876887 0.07436319447 0.000257696346532 -0.0444438372028 0.0656354616513 0.000315028862448 -0.0507400915109 0.0594525793501 0.0441822145013 -0.0284922699407 -0.0246702350645 
11 -0.0147257530906 0.0186029582568 0.0355244282833 -0.0949115388109 9.69236916071e-05 -0.0683219030204 -0.0837587307183 0.000132959700172 -0.076821483077 -0.0230488447755 -0.0284922699407 0.0892176947323 0.0594164630433 
12 0.010441167407 -0.00114672965269 -0.021715089487 -0.0742868687924 0.000257456330203 -0.0445323370651 -0.0655570614721 0.000314784496471 -0.0508563849675 -0.0284615663542 -0.0246702350645 0.0594164630433 0.0441510231795 
[MOE] 
MOE 
0 -20.4181237112
1 -1.32488905092
2 -0.694300257758
3 -0.541378939715
4 -0.476439293889
5 0.275658005658
6 0.371221631022
7 1.24270700888
8 1.38137891201
9 1.78260491702
10 1.85447830291
11 2.0143232309
12 3.10003025528
[INPUT] 
mol = [(8,(0.0,0.0,0.0916858011029)),
(1,(1.42296788349,0.0,-0.981209549317)),
(1,(-1.42296788349,0.0,-0.981209549317)),
basis = [[(0,0,0),322.037,3.20959344299,(0.000160293632588,0.000370361449574,0.0915039147462)],
48.4308,3.20959344299,(0.000160293632588,0.000370361449574,0.0915039147462)],
10.4206,3.20959344299,(0.000160293632588,0.000370361449574,0.0915039147462)],
]
[(0,0,0),7.40294,4.59913973987,(-1.15239418055e-06,-1.19562232791e-06,0.0821864409554)],
1.5762,4.59913973987,(-1.15239418055e-06,-1.19562232791e-06,0.0821864409554)],
]
[(0,0,0),0.373684,2.92518278339,(4.3409597216e-08,-1.50352148131e-08,0.0893726097973)],
]
[(1,0,0),7.40294,-1.29369515498,(3.18819159878e-07,8.57128252049e-08,0.0791499769594)],
1.5762,-1.29369515498,(3.18819159878e-07,8.57128252049e-08,0.0791499769594)],
]
[(0,1,0),7.40294,1.22471211548,(3.1999738963e-07,-5.33386953237e-07,0.0818268967854)],
1.5762,1.22471211548,(3.1999738963e-07,-5.33386953237e-07,0.0818268967854)],
]
[(0,0,1),7.40294,0.340634372672,(-5.9883277239e-07,1.83701458554e-07,0.0899956872922)],
1.5762,0.340634372672,(-5.9883277239e-07,1.83701458554e-07,0.0899956872922)],
]
[(1,0,0),0.373684,4.25723044476,(3.22824569833e-07,1.02899645327e-08,0.0763523825976)],
]
[(0,1,0),0.373684,2.1497572264,(-1.8799671313e-07,-3.18994292693e-08,0.023444075189)],
]
[(0,0,1),0.373684,4.25723044476,(9.74821566803e-07,1.39727806153e-07,0.0454401965448)],
]
[(0,0,0),5.447178,2.1497572264,(1.36770908251,-3.48561980129e-08,-0.942636697789)],
0.824547,2.1497572264,(1.36770908251,-3.48561980129e-08,-0.942636697789)],
]
[(0,0,0),0.183192,4.25723044476,(1.42224136996,-1.77686408576e-08,-0.98765295339)],
]
[(0,0,0),5.447178,2.1497572264,(-1.3677076344,-3.47757063794e-08,-0.942634399799)],
0.824547,2.1497572264,(-1.3677076344,-3.47757063794e-08,-0.942634399799)],
]
[(0,0,0),0.183192,0.416457527847,(-1.42224171029,-1.53539740625e-08,-0.987652849925)],
]
[Atoms]
O 1 8 0.0 0.0 0.0916858011029
H 2 1 1.42296788349 0.0 -0.981209549317
H 3 1 -1.42296788349 0.0 -0.981209549317
XX 4 0 0.000160293632588 0.000370361449574 0.0915039147462
XX 5 0 -1.15239418055e-06 -1.19562232791e-06 0.0821864409554
XX 6 0 4.3409597216e-08 -1.50352148131e-08 0.0893726097973
XX 7 0 3.18819159878e-07 8.57128252049e-08 0.0791499769594
XX 8 0 3.1999738963e-07 -5.33386953237e-07 0.0818268967854
XX 9 0 -5.9883277239e-07 1.83701458554e-07 0.0899956872922
XX 10 0 3.22824569833e-07 1.02899645327e-08 0.0763523825976
XX 11 0 -1.8799671313e-07 -3.18994292693e-08 0.023444075189
XX 12 0 9.74821566803e-07 1.39727806153e-07 0.0454401965448
XX 13 0 1.36770908251 -3.48561980129e-08 -0.942636697789
XX 14 0 1.42224136996 -1.77686408576e-08 -0.98765295339
XX 15 0 -1.3677076344 -3.47757063794e-08 -0.942634399799
XX 16 0 -1.42224171029 -1.53539740625e-08 -0.987652849925
[GTO]
  4  0
 s   3 1.0 0 0 0
  322.037 3.20959344299
  48.4308 4.59913973987
  10.4206 2.92518278339
  
  5  0
 s   2 1.0 0 0 0
  7.40294 -1.29369515498
  1.5762 1.22471211548
  
  6  0
 s   1 1.0 0 0 0
  0.373684 0.340634372672
  
  7  0
 p   2 1.0 1 0 0
  7.40294 4.25723044476
  1.5762 2.1497572264
  
  8  0
 p   2 1.0 0 1 0
  7.40294 4.25723044476
  1.5762 2.1497572264
  
  9  0
 p   2 1.0 0 0 1
  7.40294 4.25723044476
  1.5762 2.1497572264
  
  10  0
 p   1 1.0 1 0 0
  0.373684 0.416457527847
  
  11  0
 p   1 1.0 0 1 0
  0.373684 0.416457527847
  
  12  0
 p   1 1.0 0 0 1
  0.373684 0.416457527847
  
  13  0
 s   2 1.0 0 0 0
  5.447178 0.397151320568
  0.824547 0.557919923333
  
  14  0
 s   1 1.0 0 0 0
  0.183192 0.199567570484
  
  15  0
 s   2 1.0 0 0 0
  5.447178 0.397151320568
  0.824547 0.557919923333
  
  16  0
 s   1 1.0 0 0 0
  0.183192 0.199567570484
  
[MO]
  Sym=  None
  Ene=      -20.4181237112
  Spin= Alpha
  Occup=    2.0
4 0.98321279413
5 0.0958161521027
6 -0.0386490126701
7 -0.00030699538101
8 -0.000672064446318
9 -0.0022531190935
10 0.000182047029259
11 0.000278007020548
12 0.00670466807553
13 0.00242872476695
14 0.00717363058908
15 0.00243481138682
16 0.00731901475697
  Sym=  None
  Ene=      -1.32488905092
  Spin= Alpha
  Occup=    2.0
4 -0.228453665889
5 0.221392409286
6 0.688758668433
7 -0.000215733527532
8 -0.000487893189767
9 -0.0761790374324
10 -0.000166931565129
11 -0.000344733867021
12 -0.0735187303896
13 0.12543354492
14 0.0227001299522
15 0.125546968164
16 0.0226596318301
  Sym=  None
  Ene=      -0.694300257758
  Spin= Alpha
  Occup=    2.0
4 -3.90733204809e-05
5 -3.52419181564e-05
6 1.08829629201e-05
7 0.400626451426
8 -5.53408178511e-07
9 -0.000227024382367
10 0.353576868022
11 -5.74948605221e-07
12 -0.000220109107076
13 0.237064023723
14 0.185665903926
15 -0.236795751927
16 -0.185377934821
  Sym=  None
  Ene=      -0.541378939715
  Spin= Alpha
  Occup=    2.0
4 0.0876373350793
5 -0.07156387495
6 -0.385744938664
7 -0.000129451568609
8 0.00165740560449
9 -0.44609554979
10 -9.64610411298e-05
11 0.0018781425333
12 -0.51325873077
13 0.131487610595
14 0.0956220699067
15 0.131823685988
16 0.0960154620333
  Sym=  None
  Ene=      -0.476439293889
  Spin= Alpha
  Occup=    2.0
4 -0.000399700735939
5 0.000115537541844
6 0.00118519593688
7 4.80407584699e-07
8 0.517877449229
9 0.00148527217022
10 3.47535555575e-07
11 0.635485601412
12 0.00191219390354
13 -0.000112102576924
14 0.000222467539447
15 -0.000113545797789
16 0.000220499088091
  Sym=  None
  Ene=      0.275658005658
  Spin= Alpha
  Occup=    2.0
4 -0.109582976919
5 0.0361590852602
6 1.09902793891
7 -0.000275213381399
8 0.000230518400097
9 -0.195062776649
10 -0.000664281866794
11 0.000625117602228
12 -0.464739864353
13 -0.0435615082017
14 -0.88290459183
15 -0.0437306327889
16 -0.885214229906
  Sym=  None
  Ene=      0.371221631022
  Spin= Alpha
  Occup=    0.0
4 -0.000152127100831
5 -1.03432724357e-06
6 0.00126858934929
7 0.294711249958
8 2.34508730725e-07
9 -0.00014936896645
10 0.782867171282
11 8.15030334929e-07
12 -0.000371271959434
13 -0.0309707858478
14 -1.20785261296
15 0.0309617187482
16 1.20604646747
  Sym=  None
  Ene=      1.24270700888
  Spin= Alpha
  Occup=    0.0
4 1.47046786661e-05
5 -8.14147788227e-05
6 -2.41274909936e-05
7 0.156874041661
8 6.49953000167e-08
9 8.80795848168e-05
10 0.634668189369
11 -1.10204477416e-07
12 0.000241973667147
13 -0.995715924225
14 0.568614410086
15 0.996671113775
16 -0.569071717392
  Sym=  None
  Ene=      1.38137891201
  Spin= Alpha
  Occup=    0.0
4 0.0760640309064
5 -0.0810098190516
6 -0.333170306037
7 1.87076628317e-05
8 0.000417770429511
9 0.248778657588
10 -0.000504196220377
11 -0.000632490227174
12 0.422893905169
13 1.03532475756
14 -0.415919989775
15 1.03438729308
16 -0.41562473
  Sym=  None
  Ene=      1.78260491702
  Spin= Alpha
  Occup=    0.0
4 7.98783032645e-05
5 0.000758105341407
6 -0.00101008865145
7 5.23887960574e-08
8 -1.03054729862
9 0.00184454400501
10 -2.03554930266e-07
11 0.962487551555
12 -0.00150402097036
13 0.000298328278374
14 -0.000117872781467
15 0.000298221280109
16 -0.000117992228055
  Sym=  None
  Ene=      1.85447830291
  Spin= Alpha
  Occup=    0.0
4 -0.0408356485488
5 0.0993599764624
6 0.292036545249
7 -0.000325704609118
8 0.0018142561389
9 1.02239630122
10 0.000509935273436
11 -0.00163726520662
12 -1.16831673618
13 -0.228742339286
14 -0.143936843961
15 -0.228595533695
16 -0.143567567523
  Sym=  None
  Ene=      2.0143232309
  Spin= Alpha
  Occup=    0.0
4 -6.02205942498e-05
5 -0.000289617271384
6 0.00074930534622
7 1.07351424682
8 5.6540244713e-07
9 0.000337458722246
10 -1.39895956508
11 -4.21017271622e-07
12 -0.000562323973822
13 0.0922486412417
14 0.563967386614
15 -0.0927896818096
16 -0.564247640962
  Sym=  None
  Ene=      3.10003025528
  Spin= Alpha
  Occup=    0.0
4 0.0853377797843
5 -1.64570603522
6 2.06139210835
7 -0.000299498069675
8 -0.000576481248712
9 0.121375231339
10 0.000252571695504
11 0.000342570398287
12 -0.480332620183
13 -0.2799713228
14 -0.38550560814
15 -0.279974910127
16 -0.385291396243
