[Energy] 
E_elec: -84.9372183908
E_nuc: 9.32946299582
E_tot: -75.607755395
SCF Details
Eigen: True
Step: 0 -84.9367948016
Step: 1 -84.9371168849
Step: 2 -84.9371936077
Step: 3 -84.9372123062
Step: 4 -84.9372168954
Step: 5 -84.9372180237
Step: 6 -84.9372183014
Step: 7 -84.9372183698
Step: 8 -84.9372183867
Step: 9 -84.9372183908
[CM] 
C AO times MO
  0     1     2     3     4     5     6     7     8     9     10     11     12     
0 0.983216208548 -0.228496621815 -4.13445957698e-05 0.087539338538 -0.00046207800524 -0.109748459238 -0.000160866467213 1.58254455699e-05 0.0758550258804 -8.88318955295e-05 -0.0411006610348 6.45805233846e-05 0.0849963971044 
1 0.0958319890974 0.221076684673 -3.77752824458e-05 -0.0723011742955 0.000137463875254 0.0360905516227 -1.28205264267e-06 -8.78453536643e-05 -0.0819715017584 -0.000889927494568 0.107070127334 0.000298998038795 -1.64525949282 
2 -0.0385973689098 0.689958388134 1.0563010048e-05 -0.387600847163 0.00138607778655 1.09677960642 0.00133698430599 -1.87063869893e-05 -0.320024914517 0.00116467185075 0.276464330566 -0.000782142874128 2.05907701237 
3 -0.00032436908141 -0.000227688745658 0.400632341193 -0.000136220864124 5.85817770031e-07 -0.000290609122717 0.295075964101 0.158943663599 1.56465270634e-05 -4.27827065306e-08 -0.000353653082799 -1.07313825577 -0.000313676890142 
4 -0.000773134928841 -0.000561354407833 -6.7279348514e-07 0.0019244334152 0.518084675947 0.000266072537954 2.85898136093e-07 7.97664079076e-08 0.000471438738701 1.03053612686 0.00213629117505 -7.0676490882e-07 -0.000661384127393 
5 -0.00248618115979 -0.0769716084471 -0.000239841050065 -0.445972741844 0.0017236733437 -0.195574503821 -0.000157875116767 9.63994168649e-05 0.250132922825 -0.00216257178456 1.02115538049 -0.000367700601663 0.130001583804 
6 0.000192495366825 -0.00017651157263 0.35425891329 -0.000102571584169 4.28911685735e-07 -0.000700338907794 0.782671606392 0.624535597362 -0.000532777090157 2.1484368696e-07 0.000552049499013 1.40041140572 0.000265127323929 
7 0.000319884497088 -0.000396426537465 -6.98696756144e-07 0.00218103362896 0.635249473324 0.000720358001206 9.91422863044e-07 -1.36636000882e-07 -0.00071957442071 -0.962742870245 -0.00192851661878 5.28435295462e-07 0.000392983234881 
8 0.0065671148535 -0.0756598632938 -0.000232529492363 -0.512591245775 0.00221265181539 -0.464384527523 -0.000390932553921 0.000255363500423 0.416900285784 0.00178502894451 -1.16554461024 0.00060297785288 -0.483913380855 
9 0.00243795648958 0.125092213403 0.237305337077 0.131474183076 -0.000133508377994 -0.0435950383138 -0.0308583577825 -0.993698903414 1.03258375488 -0.000321016935037 -0.229213982467 -0.0952841739117 -0.281376618324 
10 0.00713227274951 0.0221827072413 0.185011592087 0.0960224863917 0.000250931519769 -0.882099801234 -1.20745449697 0.574742306063 -0.420102088806 0.000132597150775 -0.139299637856 -0.561846288199 -0.384672751516 
11 0.0024450563001 0.125211715657 -0.237022136426 0.131829197612 -0.000135274965134 -0.0437742021479 0.0308491482651 0.994723598989 1.03157614873 -0.000320892489233 -0.229056729508 0.0958567118637 -0.28137978987 
12 0.00728552422129 0.0221393501455 -0.184707449895 0.0964372646664 0.000248528877663 -0.884534168423 1.20555008894 -0.575239611411 -0.419773138747 0.000132715431548 -0.138899632339 0.562139858167 -0.384448469815 
[DM] 
D 
  0     1     2     3     4     5     6     7     8     9     10     11     12     
0 1.02658816995 0.0373790304374 -0.229533682291 -0.000295387766419 -0.000702823085163 -0.0238976464903 0.0002059709244 0.000302489207642 -0.0211279944624 -0.0146866964223 0.0103418722678 -0.0146563322032 0.0105540549591 
1 0.0373790304374 0.0632861507684 0.176859036919 -8.67065981777e-05 -0.000266114272574 0.0149897152467 -2.65415049525e-05 -0.000127352908785 0.0209639698859 0.0183738855827 -0.00136191363766 0.0183932347773 -0.00137283553266 
2 -0.229533682291 0.176859036919 0.627768672288 -8.7543949082e-05 -0.000385276576601 0.119850552317 -8.5715986941e-05 -0.000250729820513 0.146228234883 0.0352571400869 -0.022186237012 0.035196700926 -0.0223867437944 
3 -0.000295387766419 -8.67065981777e-05 -8.7543949082e-05 0.160506448424 1.50407545355e-07 -1.70042700963e-05 0.141927569543 -2.1838115236e-07 -8.2351859121e-06 0.0950250102788 0.0741011829253 -0.0950059937966 -0.0740203187889 
4 -0.000702823085163 -0.000266114272574 -0.000385276576601 1.50407545355e-07 0.268416347752 7.98945655739e-05 -2.63262043629e-07 0.329117190009 0.000197288165376 0.000111579074218 0.000296701612261 0.000111593586534 0.00029640965257 
5 -0.0238976464903 0.0149897152467 0.119850552317 -1.70042700963e-05 7.98945655739e-05 0.204825524645 -2.61131585272e-05 0.000151999501192 0.234412927318 -0.0683256576657 -0.0445925231635 -0.0683794402495 -0.0446858770516 
6 0.0002059709244 -2.65415049525e-05 -8.5715986941e-05 0.141927569543 -2.63262043629e-07 -2.61131585272e-05 0.125499456378 -6.72155503659e-08 -1.51784194923e-05 0.0840324343303 0.065529613913 -0.0840023571186 -0.0654466575147 
7 0.000302489207642 -0.000127352908785 -0.000250729820513 -2.1838115236e-07 0.329117190009 0.000151999501192 -6.72155503659e-08 0.403546909747 0.000319701613758 0.000152962674819 0.00036219081039 0.000152901058232 0.000361893710792 
8 -0.0211279944624 0.0209639698859 0.146228234883 -8.2351859121e-06 0.000197288165376 0.234412927318 -1.51784194923e-05 0.000319701613758 0.268522277054 -0.0768964406125 -0.0508942534925 -0.0769771216369 -0.0510166131281 
9 -0.0146866964223 0.0183738855827 0.0352571400869 0.0950250102788 0.000111579074218 -0.0683256576657 0.0840324343303 0.000152962674819 -0.0768964406125 0.089253307131 0.059320954796 -0.0232454922607 -0.0283658641444 
10 0.0103418722678 -0.00136191363766 -0.022186237012 0.0741011829253 0.000296701612261 -0.0445925231635 0.065529613913 0.00036219081039 -0.0508942534925 0.059320954796 0.0439926118813 -0.0283983357911 -0.024369738009 
11 -0.0146563322032 0.0183932347773 0.035196700926 -0.0950059937966 0.000111593586534 -0.0683794402495 -0.0840023571186 0.000152901058232 -0.0769771216369 -0.0232454922607 -0.0283983357911 0.0892424008365 0.0592828875212 
12 0.0105540549591 -0.00137283553266 -0.0223867437944 -0.0740203187889 0.00029640965257 -0.0446858770516 -0.0654466575147 0.000361893710792 -0.0510166131281 -0.0283658641444 -0.024369738009 0.0592828875212 0.0439602795177 
[MOE] 
MOE 
0 -20.4185071982
1 -1.32558034031
2 -0.69453492149
3 -0.541092830993
4 -0.476744870437
5 0.275200358072
6 0.370986671762
7 1.23926346474
8 1.37654771233
9 1.78293192657
10 1.85448117632
11 2.01452003144
12 3.10252943136
[INPUT] 
mol = [(8,(0.0,0.0,0.0916858011029)),
(1,(1.42296788349,0.0,-0.981209549317)),
(1,(-1.42296788349,0.0,-0.981209549317)),
basis = [[(0,0,0),322.037,3.20959344299,(0.000169330888212,0.000426019299297,0.0915142547495)],
48.4308,3.20959344299,(0.000169330888212,0.000426019299297,0.0915142547495)],
10.4206,3.20959344299,(0.000169330888212,0.000426019299297,0.0915142547495)],
]
[(0,0,0),7.40294,4.59913973987,(-8.55151827384e-07,-1.37264596108e-06,0.085888633085)],
1.5762,4.59913973987,(-8.55151827384e-07,-1.37264596108e-06,0.085888633085)],
]
[(0,0,0),0.373684,2.92518278339,(2.15389933744e-08,-7.32063972515e-09,0.0899937504094)],
]
[(1,0,0),7.40294,-1.29369515498,(9.44029886267e-08,1.00883151336e-07,0.0802209817872)],
1.5762,-1.29369515498,(9.44029886267e-08,1.00883151336e-07,0.0802209817872)],
]
[(0,1,0),7.40294,1.22471211548,(1.96699372357e-07,-5.45083176034e-07,0.0817160130391)],
1.5762,1.22471211548,(1.96699372357e-07,-5.45083176034e-07,0.0817160130391)],
]
[(0,0,1),7.40294,0.340634372672,(-2.66719077878e-07,1.68951034078e-07,0.0902892723359)],
1.5762,0.340634372672,(-2.66719077878e-07,1.68951034078e-07,0.0902892723359)],
]
[(1,0,0),0.373684,4.25723044476,(1.58231565312e-07,8.52309867535e-09,0.0775273475324)],
]
[(0,1,0),0.373684,2.1497572264,(-9.00358515007e-08,-4.00141037115e-08,0.0298982527804)],
]
[(0,0,1),0.373684,4.25723044476,(4.86691819202e-07,7.89206133905e-08,0.0494173890895)],
]
[(0,0,0),5.447178,2.1497572264,(1.37118083461,-1.85624748643e-08,-0.945989682673)],
0.824547,2.1497572264,(1.37118083461,-1.85624748643e-08,-0.945989682673)],
]
[(0,0,0),0.183192,4.25723044476,(1.42226172745,-1.01733325565e-08,-0.986708321144)],
]
[(0,0,0),5.447178,2.1497572264,(-1.37118011489,-1.85231041951e-08,-0.945988540058)],
0.824547,2.1497572264,(-1.37118011489,-1.85231041951e-08,-0.945988540058)],
]
[(0,0,0),0.183192,0.416457527847,(-1.4222618975,-8.94228555566e-09,-0.98670826951)],
]
[Atoms]
O 1 8 0.0 0.0 0.0916858011029
H 2 1 1.42296788349 0.0 -0.981209549317
H 3 1 -1.42296788349 0.0 -0.981209549317
XX 4 0 0.000169330888212 0.000426019299297 0.0915142547495
XX 5 0 -8.55151827384e-07 -1.37264596108e-06 0.085888633085
XX 6 0 2.15389933744e-08 -7.32063972515e-09 0.0899937504094
XX 7 0 9.44029886267e-08 1.00883151336e-07 0.0802209817872
XX 8 0 1.96699372357e-07 -5.45083176034e-07 0.0817160130391
XX 9 0 -2.66719077878e-07 1.68951034078e-07 0.0902892723359
XX 10 0 1.58231565312e-07 8.52309867535e-09 0.0775273475324
XX 11 0 -9.00358515007e-08 -4.00141037115e-08 0.0298982527804
XX 12 0 4.86691819202e-07 7.89206133905e-08 0.0494173890895
XX 13 0 1.37118083461 -1.85624748643e-08 -0.945989682673
XX 14 0 1.42226172745 -1.01733325565e-08 -0.986708321144
XX 15 0 -1.37118011489 -1.85231041951e-08 -0.945988540058
XX 16 0 -1.4222618975 -8.94228555566e-09 -0.98670826951
[GTO]
  4  0
 s   3 1.0 0 0 0
  322.037 3.20959344299
  48.4308 4.59913973987
  10.4206 2.92518278339
  
  5  0
 s   2 1.0 0 0 0
  7.40294 -1.29369515498
  1.5762 1.22471211548
  
  6  0
 s   1 1.0 0 0 0
  0.373684 0.340634372672
  
  7  0
 p   2 1.0 1 0 0
  7.40294 4.25723044476
  1.5762 2.1497572264
  
  8  0
 p   2 1.0 0 1 0
  7.40294 4.25723044476
  1.5762 2.1497572264
  
  9  0
 p   2 1.0 0 0 1
  7.40294 4.25723044476
  1.5762 2.1497572264
  
  10  0
 p   1 1.0 1 0 0
  0.373684 0.416457527847
  
  11  0
 p   1 1.0 0 1 0
  0.373684 0.416457527847
  
  12  0
 p   1 1.0 0 0 1
  0.373684 0.416457527847
  
  13  0
 s   2 1.0 0 0 0
  5.447178 0.397151320568
  0.824547 0.557919923333
  
  14  0
 s   1 1.0 0 0 0
  0.183192 0.199567570484
  
  15  0
 s   2 1.0 0 0 0
  5.447178 0.397151320568
  0.824547 0.557919923333
  
  16  0
 s   1 1.0 0 0 0
  0.183192 0.199567570484
  
[MO]
  Sym=  None
  Ene=      -20.4185071982
  Spin= Alpha
  Occup=    2.0
4 0.983216208548
5 0.0958319890974
6 -0.0385973689098
7 -0.00032436908141
8 -0.000773134928841
9 -0.00248618115979
10 0.000192495366825
11 0.000319884497088
12 0.0065671148535
13 0.00243795648958
14 0.00713227274951
15 0.0024450563001
16 0.00728552422129
  Sym=  None
  Ene=      -1.32558034031
  Spin= Alpha
  Occup=    2.0
4 -0.228496621815
5 0.221076684673
6 0.689958388134
7 -0.000227688745658
8 -0.000561354407833
9 -0.0769716084471
10 -0.00017651157263
11 -0.000396426537465
12 -0.0756598632938
13 0.125092213403
14 0.0221827072413
15 0.125211715657
16 0.0221393501455
  Sym=  None
  Ene=      -0.69453492149
  Spin= Alpha
  Occup=    2.0
4 -4.13445957698e-05
5 -3.77752824458e-05
6 1.0563010048e-05
7 0.400632341193
8 -6.7279348514e-07
9 -0.000239841050065
10 0.35425891329
11 -6.98696756144e-07
12 -0.000232529492363
13 0.237305337077
14 0.185011592087
15 -0.237022136426
16 -0.184707449895
  Sym=  None
  Ene=      -0.541092830993
  Spin= Alpha
  Occup=    2.0
4 0.087539338538
5 -0.0723011742955
6 -0.387600847163
7 -0.000136220864124
8 0.0019244334152
9 -0.445972741844
10 -0.000102571584169
11 0.00218103362896
12 -0.512591245775
13 0.131474183076
14 0.0960224863917
15 0.131829197612
16 0.0964372646664
  Sym=  None
  Ene=      -0.476744870437
  Spin= Alpha
  Occup=    2.0
4 -0.00046207800524
5 0.000137463875254
6 0.00138607778655
7 5.85817770031e-07
8 0.518084675947
9 0.0017236733437
10 4.28911685735e-07
11 0.635249473324
12 0.00221265181539
13 -0.000133508377994
14 0.000250931519769
15 -0.000135274965134
16 0.000248528877663
  Sym=  None
  Ene=      0.275200358072
  Spin= Alpha
  Occup=    2.0
4 -0.109748459238
5 0.0360905516227
6 1.09677960642
7 -0.000290609122717
8 0.000266072537954
9 -0.195574503821
10 -0.000700338907794
11 0.000720358001206
12 -0.464384527523
13 -0.0435950383138
14 -0.882099801234
15 -0.0437742021479
16 -0.884534168423
  Sym=  None
  Ene=      0.370986671762
  Spin= Alpha
  Occup=    0.0
4 -0.000160866467213
5 -1.28205264267e-06
6 0.00133698430599
7 0.295075964101
8 2.85898136093e-07
9 -0.000157875116767
10 0.782671606392
11 9.91422863044e-07
12 -0.000390932553921
13 -0.0308583577825
14 -1.20745449697
15 0.0308491482651
16 1.20555008894
  Sym=  None
  Ene=      1.23926346474
  Spin= Alpha
  Occup=    0.0
4 1.58254455699e-05
5 -8.78453536643e-05
6 -1.87063869893e-05
7 0.158943663599
8 7.97664079076e-08
9 9.63994168649e-05
10 0.624535597362
11 -1.36636000882e-07
12 0.000255363500423
13 -0.993698903414
14 0.574742306063
15 0.994723598989
16 -0.575239611411
  Sym=  None
  Ene=      1.37654771233
  Spin= Alpha
  Occup=    0.0
4 0.0758550258804
5 -0.0819715017584
6 -0.320024914517
7 1.56465270634e-05
8 0.000471438738701
9 0.250132922825
10 -0.000532777090157
11 -0.00071957442071
12 0.416900285784
13 1.03258375488
14 -0.420102088806
15 1.03157614873
16 -0.419773138747
  Sym=  None
  Ene=      1.78293192657
  Spin= Alpha
  Occup=    0.0
4 -8.88318955295e-05
5 -0.000889927494568
6 0.00116467185075
7 -4.27827065306e-08
8 1.03053612686
9 -0.00216257178456
10 2.1484368696e-07
11 -0.962742870245
12 0.00178502894451
13 -0.000321016935037
14 0.000132597150775
15 -0.000320892489233
16 0.000132715431548
  Sym=  None
  Ene=      1.85448117632
  Spin= Alpha
  Occup=    0.0
4 -0.0411006610348
5 0.107070127334
6 0.276464330566
7 -0.000353653082799
8 0.00213629117505
9 1.02115538049
10 0.000552049499013
11 -0.00192851661878
12 -1.16554461024
13 -0.229213982467
14 -0.139299637856
15 -0.229056729508
16 -0.138899632339
  Sym=  None
  Ene=      2.01452003144
  Spin= Alpha
  Occup=    0.0
4 6.45805233846e-05
5 0.000298998038795
6 -0.000782142874128
7 -1.07313825577
8 -7.0676490882e-07
9 -0.000367700601663
10 1.40041140572
11 5.28435295462e-07
12 0.00060297785288
13 -0.0952841739117
14 -0.561846288199
15 0.0958567118637
16 0.562139858167
  Sym=  None
  Ene=      3.10252943136
  Spin= Alpha
  Occup=    0.0
4 0.0849963971044
5 -1.64525949282
6 2.05907701237
7 -0.000313676890142
8 -0.000661384127393
9 0.130001583804
10 0.000265127323929
11 0.000392983234881
12 -0.483913380855
13 -0.281376618324
14 -0.384672751516
15 -0.28137978987
16 -0.384448469815
