[Energy] 
E_elec: -84.9140964408
E_nuc: 9.32946299582
E_tot: -75.584633445
SCF Details
Eigen: True
Step: 0 -84.9140964406
Step: 1 -84.9140964408
[CM] 
C AO times MO
  0     1     2     3     4     5     6     7     8     9     10     11     12     
0 0.983227549496 -0.228908058636 -1.92987986702e-16 0.0879360722525 -4.11078665849e-17 -0.110531708143 -1.71043734731e-15 1.56992474576e-16 -0.0711331117399 2.01754730619e-16 -0.0437618981204 3.5583515301e-16 0.0840575573041 
1 0.0960402008673 0.217354135608 2.35922392733e-16 -0.0812856558019 5.01246740931e-18 0.034537662353 5.06539254985e-16 -8.39606162373e-16 0.0944097873448 -1.51017684036e-15 0.122604354297 -2.56739074445e-16 -1.64678760138 
2 -0.0384554915755 0.702680210314 9.71445146547e-16 -0.403315382116 2.96438958362e-16 1.06969661868 1.58206781009e-14 -3.60822483003e-16 0.162721920049 5.34982172765e-16 0.192281285065 -2.63677968348e-15 2.02134333197 
3 3.23092247401e-17 -6.93889390391e-18 -0.400397459835 -3.3653635434e-16 -3.5109205995e-16 3.74006381421e-15 -0.298962989887 -0.183251972144 -4.64905891562e-16 -2.52634750356e-15 -5.99108436472e-15 -1.06851187906 -2.12286785373e-16 
4 3.66650885702e-17 9.47916710621e-17 -4.84907785473e-17 1.3284397657e-16 0.520542512706 1.20535330002e-17 4.82250997309e-16 1.64022878042e-15 4.46516157899e-16 -1.02965166301 -3.30500847415e-15 2.00113978045e-15 1.34510919146e-15 
5 -0.00351720893879 -0.0854707660888 4.12864187282e-16 -0.445099603538 3.79443576419e-16 -0.202290873489 -3.01494940125e-15 2.28983498829e-16 -0.264455623542 -3.13887026661e-15 1.01338122888 -5.74540415244e-15 0.151827914611 
6 3.81639164715e-17 6.93889390391e-16 -0.365483488732 -7.21644966006e-16 -2.85213834873e-17 1.07691633389e-14 -0.779132141582 -0.50395839902 1.58206781009e-15 1.04011157024e-15 7.53824086486e-15 1.41135482702 5.74193470548e-16 
7 1.03765088961e-17 -8.44462849624e-18 -4.62181562962e-16 3.21329649226e-16 0.632807205947 1.42236304048e-16 -2.27829015293e-16 -1.54229049233e-15 -6.99625704627e-16 0.964729026611 3.37692599051e-15 -1.87177705818e-15 -1.1244863583e-15 
8 0.00676217170494 -0.0930296879173 2.35922392733e-16 -0.512063658669 5.69040545641e-17 -0.455282995765 -5.96744875736e-15 -7.97972798949e-16 -0.331655438472 3.19255526935e-15 -1.14904955138 7.66227359339e-15 -0.489224024886 
9 0.00255235528724 0.120427313304 -0.23743631367 0.128901415949 -2.67706155553e-16 -0.0443982313427 0.029642489272 0.973880015877 -0.995932475898 1.87150051385e-15 -0.244600925167 -0.13186958011 -0.28250384441 
10 0.0071176749087 0.0174796683357 -0.177086076437 0.099445939392 8.43041155016e-17 -0.873884711142 1.19947681853 -0.651043774891 0.469146320258 -9.58939896366e-16 -0.103922703664 -0.530774672119 -0.372776359462 
11 0.00255235528724 0.120427313304 0.23743631367 0.128901415949 1.48808366376e-16 -0.0443982313427 -0.029642489272 -0.973880015877 -0.995932475898 -1.88540025907e-15 -0.244600925167 0.13186958011 -0.28250384441 
12 0.0071176749087 0.0174796683357 0.177086076437 0.099445939392 -3.96616280965e-16 -0.873884711142 -1.19947681853 0.651043774891 0.469146320258 2.18499076969e-15 -0.103922703664 0.530774672119 -0.372776359462 
[DM] 
D 
  0     1     2     3     4     5     6     7     8     9     10     11     12     
0 1.0268680662 0.0375273168316 -0.234125632113 8.10339030834e-17 4.63493314711e-18 -0.0230335804867 -1.14237760399e-16 1.43786259844e-17 -0.0170848681153 -0.0137221522343 0.0117419424259 -0.0137221522343 0.0117419424259 
1 0.0375273168316 0.0630738982877 0.181820931917 -6.55123613574e-17 1.59355768229e-17 0.0172649952347 1.26918644012e-16 -2.37864786984e-17 0.0220524832329 0.0159426671721 -0.00360066727056 0.0159426671721 -0.00360066727055 
2 -0.234125632113 0.181820931917 0.65790160025 -2.59352171248e-16 1.65929318431e-16 0.119592156788 4.22118084551e-16 5.1658611634e-17 0.140892986855 0.0325358139342 -0.0280991737109 0.0325358139342 -0.0280991737109 
3 8.10339030834e-17 -6.55123613574e-17 -2.59352171248e-16 0.160318125842 -1.63342758521e-16 -1.50381396685e-17 0.1463386605 -3.71172616944e-17 7.87293137695e-17 0.0950688968662 0.0709048151777 -0.0950688968662 -0.0709048151777 
4 4.63493314711e-18 1.59355768229e-17 1.65929318431e-16 -1.63342758521e-16 0.270964507534 1.30156835874e-16 2.87598628846e-18 0.329403053042 -4.69740970802e-17 -9.92060978908e-17 6.75996090257e-17 9.45804745222e-17 -1.99913985995e-16 
5 -0.0230335804867 0.0172649952347 0.119592156788 -1.50381396685e-17 1.30156835874e-16 0.205431279684 1.10867356478e-16 9.777620245e-17 0.235846866184 -0.0676759610271 -0.0457823831903 -0.0676759610271 -0.0457823831903 
6 -1.14237760399e-16 1.26918644012e-16 4.22118084551e-16 0.1463386605 2.87598628846e-18 1.10867356478e-16 0.133578180536 1.50871193064e-16 2.19008179906e-16 0.0867790522719 0.0647220370222 -0.0867790522719 -0.0647220370222 
7 1.43786259844e-17 -2.37864786984e-17 5.1658611634e-17 -3.71172616944e-17 0.329403053042 9.777620245e-17 1.50871193064e-16 0.400444959898 -1.27676171157e-16 -1.92383303672e-17 1.670753475e-16 2.48576873791e-17 -3.00946384044e-16 
8 -0.0170848681153 0.0220524832329 0.140892986855 7.87293137695e-17 -4.69740970802e-17 0.235846866184 2.19008179906e-16 -1.27676171157e-16 0.27090944033 -0.077191786567 -0.0525006487151 -0.077191786567 -0.0525006487151 
9 -0.0137221522343 0.0159426671721 0.0325358139342 0.0950688968662 -9.92060978908e-17 -0.0676759610271 0.0867790522719 -1.92383303672e-17 -0.077191786567 0.0875008303901 0.0569885839199 -0.0252511757087 -0.0271047464634 
10 0.0117419424259 -0.00360066727056 -0.0280991737109 0.0709048151777 6.75996090257e-17 -0.0457823831903 0.0647220370222 1.670753475e-16 -0.0525006487151 0.0569885839199 0.0416051734308 -0.0271047464634 -0.0211137835052 
11 -0.0137221522343 0.0159426671721 0.0325358139342 -0.0950688968662 9.45804745222e-17 -0.0676759610271 -0.0867790522719 2.48576873791e-17 -0.077191786567 -0.0252511757087 -0.0271047464634 0.0875008303901 0.0569885839199 
12 0.0117419424259 -0.00360066727055 -0.0280991737109 -0.0709048151777 -1.99913985995e-16 -0.0457823831903 -0.0647220370222 -3.00946384044e-16 -0.0525006487151 -0.0271047464634 -0.0211137835052 0.0569885839199 0.0416051734308 
[MOE] 
MOE 
0 -20.4238290418
1 -1.33498572199
2 -0.695961120688
3 -0.536626378934
4 -0.479440803044
5 0.268404361547
6 0.367564272612
7 1.2092747272
8 1.31859186004
9 1.78330498079
10 1.85963720159
11 2.01849797368
12 3.11885739092
[INPUT] 
mol = [(8,(0.0,0.0,0.0916858011029)),
(1,(1.42296788349,0.0,-0.981209549317)),
(1,(-1.42296788349,0.0,-0.981209549317)),
basis = [[(0,0,0),322.037,3.20959344299,(0.0,0.0,0.0916858011029)],
48.4308,3.20959344299,(0.0,0.0,0.0916858011029)],
10.4206,3.20959344299,(0.0,0.0,0.0916858011029)],
]
[(0,0,0),7.40294,4.59913973987,(0.0,0.0,0.0916858011029)],
1.5762,4.59913973987,(0.0,0.0,0.0916858011029)],
]
[(0,0,0),0.373684,2.92518278339,(0.0,0.0,0.0916858011029)],
]
[(1,0,0),7.40294,-1.29369515498,(0.0,0.0,0.0916858011029)],
1.5762,-1.29369515498,(0.0,0.0,0.0916858011029)],
]
[(0,1,0),7.40294,1.22471211548,(0.0,0.0,0.0916858011029)],
1.5762,1.22471211548,(0.0,0.0,0.0916858011029)],
]
[(0,0,1),7.40294,0.340634372672,(0.0,0.0,0.0916858011029)],
1.5762,0.340634372672,(0.0,0.0,0.0916858011029)],
]
[(1,0,0),0.373684,4.25723044476,(0.0,0.0,0.0916858011029)],
]
[(0,1,0),0.373684,2.1497572264,(0.0,0.0,0.0916858011029)],
]
[(0,0,1),0.373684,4.25723044476,(0.0,0.0,0.0916858011029)],
]
[(0,0,0),5.447178,2.1497572264,(1.42296788349,0.0,-0.981209549317)],
0.824547,2.1497572264,(1.42296788349,0.0,-0.981209549317)],
]
[(0,0,0),0.183192,4.25723044476,(1.42296788349,0.0,-0.981209549317)],
]
[(0,0,0),5.447178,2.1497572264,(-1.42296788349,0.0,-0.981209549317)],
0.824547,2.1497572264,(-1.42296788349,0.0,-0.981209549317)],
]
[(0,0,0),0.183192,0.416457527847,(-1.42296788349,0.0,-0.981209549317)],
]
[Atoms]
O 1 8 0.0 0.0 0.0916858011029
H 2 1 1.42296788349 0.0 -0.981209549317
H 3 1 -1.42296788349 0.0 -0.981209549317
XX 4 0 0.0 0.0 0.0916858011029
XX 5 0 0.0 0.0 0.0916858011029
XX 6 0 0.0 0.0 0.0916858011029
XX 7 0 0.0 0.0 0.0916858011029
XX 8 0 0.0 0.0 0.0916858011029
XX 9 0 0.0 0.0 0.0916858011029
XX 10 0 0.0 0.0 0.0916858011029
XX 11 0 0.0 0.0 0.0916858011029
XX 12 0 0.0 0.0 0.0916858011029
XX 13 0 1.42296788349 0.0 -0.981209549317
XX 14 0 1.42296788349 0.0 -0.981209549317
XX 15 0 -1.42296788349 0.0 -0.981209549317
XX 16 0 -1.42296788349 0.0 -0.981209549317
[GTO]
  4  0
 s   3 1.0 0 0 0
  322.037 3.20959344299
  48.4308 4.59913973987
  10.4206 2.92518278339
  
  5  0
 s   2 1.0 0 0 0
  7.40294 -1.29369515498
  1.5762 1.22471211548
  
  6  0
 s   1 1.0 0 0 0
  0.373684 0.340634372672
  
  7  0
 p   2 1.0 1 0 0
  7.40294 4.25723044476
  1.5762 2.1497572264
  
  8  0
 p   2 1.0 0 1 0
  7.40294 4.25723044476
  1.5762 2.1497572264
  
  9  0
 p   2 1.0 0 0 1
  7.40294 4.25723044476
  1.5762 2.1497572264
  
  10  0
 p   1 1.0 1 0 0
  0.373684 0.416457527847
  
  11  0
 p   1 1.0 0 1 0
  0.373684 0.416457527847
  
  12  0
 p   1 1.0 0 0 1
  0.373684 0.416457527847
  
  13  0
 s   2 1.0 0 0 0
  5.447178 0.397151320568
  0.824547 0.557919923333
  
  14  0
 s   1 1.0 0 0 0
  0.183192 0.199567570484
  
  15  0
 s   2 1.0 0 0 0
  5.447178 0.397151320568
  0.824547 0.557919923333
  
  16  0
 s   1 1.0 0 0 0
  0.183192 0.199567570484
  
[MO]
  Sym=  None
  Ene=      -20.4238290418
  Spin= Alpha
  Occup=    2.0
4 0.983227549496
5 0.0960402008673
6 -0.0384554915755
7 3.23092247401e-17
8 3.66650885702e-17
9 -0.00351720893879
10 3.81639164715e-17
11 1.03765088961e-17
12 0.00676217170494
13 0.00255235528724
14 0.0071176749087
15 0.00255235528724
16 0.0071176749087
  Sym=  None
  Ene=      -1.33498572199
  Spin= Alpha
  Occup=    2.0
4 -0.228908058636
5 0.217354135608
6 0.702680210314
7 -6.93889390391e-18
8 9.47916710621e-17
9 -0.0854707660888
10 6.93889390391e-16
11 -8.44462849624e-18
12 -0.0930296879173
13 0.120427313304
14 0.0174796683357
15 0.120427313304
16 0.0174796683357
  Sym=  None
  Ene=      -0.695961120688
  Spin= Alpha
  Occup=    2.0
4 -1.92987986702e-16
5 2.35922392733e-16
6 9.71445146547e-16
7 -0.400397459835
8 -4.84907785473e-17
9 4.12864187282e-16
10 -0.365483488732
11 -4.62181562962e-16
12 2.35922392733e-16
13 -0.23743631367
14 -0.177086076437
15 0.23743631367
16 0.177086076437
  Sym=  None
  Ene=      -0.536626378934
  Spin= Alpha
  Occup=    2.0
4 0.0879360722525
5 -0.0812856558019
6 -0.403315382116
7 -3.3653635434e-16
8 1.3284397657e-16
9 -0.445099603538
10 -7.21644966006e-16
11 3.21329649226e-16
12 -0.512063658669
13 0.128901415949
14 0.099445939392
15 0.128901415949
16 0.099445939392
  Sym=  None
  Ene=      -0.479440803044
  Spin= Alpha
  Occup=    2.0
4 -4.11078665849e-17
5 5.01246740931e-18
6 2.96438958362e-16
7 -3.5109205995e-16
8 0.520542512706
9 3.79443576419e-16
10 -2.85213834873e-17
11 0.632807205947
12 5.69040545641e-17
13 -2.67706155553e-16
14 8.43041155016e-17
15 1.48808366376e-16
16 -3.96616280965e-16
  Sym=  None
  Ene=      0.268404361547
  Spin= Alpha
  Occup=    2.0
4 -0.110531708143
5 0.034537662353
6 1.06969661868
7 3.74006381421e-15
8 1.20535330002e-17
9 -0.202290873489
10 1.07691633389e-14
11 1.42236304048e-16
12 -0.455282995765
13 -0.0443982313427
14 -0.873884711142
15 -0.0443982313427
16 -0.873884711142
  Sym=  None
  Ene=      0.367564272612
  Spin= Alpha
  Occup=    0.0
4 -1.71043734731e-15
5 5.06539254985e-16
6 1.58206781009e-14
7 -0.298962989887
8 4.82250997309e-16
9 -3.01494940125e-15
10 -0.779132141582
11 -2.27829015293e-16
12 -5.96744875736e-15
13 0.029642489272
14 1.19947681853
15 -0.029642489272
16 -1.19947681853
  Sym=  None
  Ene=      1.2092747272
  Spin= Alpha
  Occup=    0.0
4 1.56992474576e-16
5 -8.39606162373e-16
6 -3.60822483003e-16
7 -0.183251972144
8 1.64022878042e-15
9 2.28983498829e-16
10 -0.50395839902
11 -1.54229049233e-15
12 -7.97972798949e-16
13 0.973880015877
14 -0.651043774891
15 -0.973880015877
16 0.651043774891
  Sym=  None
  Ene=      1.31859186004
  Spin= Alpha
  Occup=    0.0
4 -0.0711331117399
5 0.0944097873448
6 0.162721920049
7 -4.64905891562e-16
8 4.46516157899e-16
9 -0.264455623542
10 1.58206781009e-15
11 -6.99625704627e-16
12 -0.331655438472
13 -0.995932475898
14 0.469146320258
15 -0.995932475898
16 0.469146320258
  Sym=  None
  Ene=      1.78330498079
  Spin= Alpha
  Occup=    0.0
4 2.01754730619e-16
5 -1.51017684036e-15
6 5.34982172765e-16
7 -2.52634750356e-15
8 -1.02965166301
9 -3.13887026661e-15
10 1.04011157024e-15
11 0.964729026611
12 3.19255526935e-15
13 1.87150051385e-15
14 -9.58939896366e-16
15 -1.88540025907e-15
16 2.18499076969e-15
  Sym=  None
  Ene=      1.85963720159
  Spin= Alpha
  Occup=    0.0
4 -0.0437618981204
5 0.122604354297
6 0.192281285065
7 -5.99108436472e-15
8 -3.30500847415e-15
9 1.01338122888
10 7.53824086486e-15
11 3.37692599051e-15
12 -1.14904955138
13 -0.244600925167
14 -0.103922703664
15 -0.244600925167
16 -0.103922703664
  Sym=  None
  Ene=      2.01849797368
  Spin= Alpha
  Occup=    0.0
4 3.5583515301e-16
5 -2.56739074445e-16
6 -2.63677968348e-15
7 -1.06851187906
8 2.00113978045e-15
9 -5.74540415244e-15
10 1.41135482702
11 -1.87177705818e-15
12 7.66227359339e-15
13 -0.13186958011
14 -0.530774672119
15 0.13186958011
16 0.530774672119
  Sym=  None
  Ene=      3.11885739092
  Spin= Alpha
  Occup=    0.0
4 0.0840575573041
5 -1.64678760138
6 2.02134333197
7 -2.12286785373e-16
8 1.34510919146e-15
9 0.151827914611
10 5.74193470548e-16
11 -1.1244863583e-15
12 -0.489224024886
13 -0.28250384441
14 -0.372776359462
15 -0.28250384441
16 -0.372776359462
