[Energy] 
E_elec: -84.916100185
E_nuc: 9.32946299582
E_tot: -75.5866371892
SCF Details
Eigen: True
Step: 0 -84.9161000719
Step: 1 -84.9161001733
Step: 2 -84.9161001834
Step: 3 -84.916100185
[CM] 
C AO times MO
  0     1     2     3     4     5     6     7     8     9     10     11     12     
0 0.983233040295 -0.22870330067 6.20163642662e-17 -0.089020190322 1.06980899707e-16 -0.109968071343 -1.6826817717e-16 6.89552581701e-17 -0.0704440802 2.22058609248e-16 -0.0469402241338 -2.86337793753e-16 0.0835318721319 
1 0.096020738912 0.217485796903 2.11636264069e-16 0.0808537281261 3.50426696736e-17 0.0345139683587 9.57567358739e-16 -7.42461647718e-16 0.0938708629387 -1.15102880682e-15 0.125200236622 -7.47665818146e-16 -1.64678012267 
2 -0.038392707998 0.702653207598 -1.02695629778e-15 0.402058905763 -8.04990750428e-16 1.07060135363 -3.33066907388e-16 1.91513471748e-15 0.165948999346 2.07413193032e-17 0.189118080853 3.53883589099e-15 2.02251454336 
3 -2.608590427e-16 -4.51028103754e-17 -0.400678290864 -7.6327832943e-17 -1.28111250774e-16 -9.08995101412e-16 0.298750681098 0.181609664416 5.8633653488e-16 -3.17040246641e-15 -5.9865307156e-15 1.0686085593 -9.76649316975e-16 
4 5.21504201307e-17 -9.3611446018e-17 5.62763376242e-17 5.70582918124e-16 0.520512721463 -1.12883955819e-16 -4.01182029545e-16 -9.76687159314e-17 4.04998954346e-16 -1.02966659589 -3.58843799898e-15 -3.72338961588e-15 5.64130279105e-16 
5 -0.00312189236775 -0.0846403191374 4.85722573274e-17 0.445368592565 -7.47317027564e-16 -0.202022573512 -3.12250225676e-16 9.71445146547e-16 -0.264225639559 -3.59244988427e-15 1.01305391203 6.15653361624e-15 0.154790733773 
6 1.37043154602e-16 3.1918911958e-16 -0.365584439679 -2.56739074445e-16 2.34742479754e-17 -6.10622663544e-16 0.779134275091 0.50774093868 2.47024622979e-15 4.52822907235e-15 8.17661910402e-15 -1.40995600333 2.40519409944e-15 
7 1.88756619464e-17 -1.5367644664e-16 -6.42169397896e-16 9.98204349123e-16 0.632835173168 5.04498801215e-17 -1.19094581035e-16 -8.87205757877e-17 -2.93032820842e-16 0.964710544926 3.36484089757e-15 3.32098810379e-15 -9.91245446228e-16 
8 0.00658523002495 -0.0920174078839 0.0 0.512095984553 -3.90073672076e-16 -0.455609468456 3.46944695195e-16 3.74700270811e-16 -0.333283404624 3.48073224507e-15 -1.14810861118 -8.11503642062e-15 -0.492150970616 
9 0.00253594800895 0.120437190921 -0.237031575048 -0.128994235794 5.07879046528e-16 -0.0441643808885 -0.0297136322395 -0.974493260001 -0.996604488155 -1.10952270554e-16 -0.243535023536 0.129197161111 -0.282763903939 
10 0.00708753969837 0.0176725262398 -0.177071791983 -0.0994044234431 -5.49427261048e-16 -0.874221251301 -1.19976674408 0.648969497939 0.468087250029 -9.26187768782e-16 -0.103518235699 0.532221088135 -0.373357418808 
11 0.00253594800895 0.120437190921 0.237031575048 -0.128994235794 3.5771815042e-16 -0.0441643808885 0.0297136322395 0.974493260001 -0.996604488155 7.78241577017e-16 -0.243535023536 -0.129197161111 -0.282763903939 
12 0.00708753969837 0.0176725262398 0.177071791983 -0.0994044234431 8.5630732831e-16 -0.874221251301 1.19976674408 -0.648969497939 0.468087250029 2.11458130039e-15 -0.103518235699 -0.532221088135 -0.373357418808 
[DM] 
D 
  0     1     2     3     4     5     6     7     8     9     10     11     12     
0 1.02697700555 0.0374734291853 -0.234239447126 -2.64223960664e-16 7.75767821078e-17 -0.0233588242414 6.19284958542e-17 3.25464201176e-17 -0.0180673813675 -0.0135678637954 0.0117759388174 -0.0135678637954 0.0117759388174 
1 0.0374734291853 0.0630573795075 0.181638558067 -1.25826545114e-16 4.90222734336e-17 0.0173018774295 -1.55511513378e-17 7.12747875342e-17 0.0220247088799 0.0160072171751 -0.00351314397614 0.0160072171751 -0.00351314397614 
2 -0.234239447126 0.181638558067 0.656846893879 3.59114259867e-16 -2.57378561214e-16 0.119711475156 4.91232812245e-16 -2.1679544855e-16 0.140983599577 0.0326649353103 -0.0278208863108 0.0326649353103 -0.0278208863108 
3 -2.64223960664e-16 -1.25826545114e-16 3.59114259867e-16 0.16054309277 -8.92322425658e-17 -4.88239784621e-17 0.146481748457 1.76230031226e-16 -3.6654749861e-17 0.0949734063712 0.0709488229718 -0.0949734063712 -0.0709488229718 
4 7.75767821078e-17 4.90222734336e-17 -2.57378561214e-16 -8.92322425658e-17 0.270933493205 -1.27107813959e-16 -8.35510865956e-18 0.329398758223 9.81122177264e-17 1.66274279414e-16 -3.53952029409e-16 1.14792160614e-16 3.97680611251e-16 
5 -0.0233588242414 0.0173018774295 0.119711475156 -4.88239784621e-17 -1.27107813959e-16 0.205526913079 -1.59544884646e-16 -1.54113387854e-17 0.235839292289 -0.0676517404771 -0.0457895429606 -0.0676517404771 -0.0457895429606 
6 6.19284958542e-17 -1.55511513378e-17 4.91232812245e-16 0.146481748457 -8.35510865956e-18 -1.59544884646e-16 0.133651982535 2.49622469291e-16 -1.59943543813e-16 0.0866550555503 0.0647346918549 -0.0866550555503 -0.0647346918549 
7 3.25464201176e-17 7.12747875342e-17 -2.1679544855e-16 1.76230031226e-16 0.329398758223 -1.54113387854e-17 2.49622469291e-16 0.400480356398 2.78589307982e-16 3.2639504916e-16 -3.35794806682e-16 -7.30608951932e-17 3.26383313519e-16 
8 -0.0180673813675 0.0220247088799 0.140983599577 -3.6654749861e-17 9.81122177264e-17 0.235839292289 -1.59943543813e-16 2.78589307982e-16 0.270752866004 -0.0771230485012 -0.0524841130682 -0.0771230485012 -0.0524841130682 
9 -0.0135678637954 0.0160072171751 0.0326649353103 0.0949734063712 1.66274279414e-16 -0.0676517404771 0.0866550555503 3.2639504916e-16 -0.0771230485012 0.0873350284274 0.0569406064359 -0.0250329067125 -0.0270026050647 
10 0.0117759388174 -0.00351314397614 -0.0278208863108 0.0709488229718 -3.53952029409e-16 -0.0457895429606 0.0647346918549 -3.35794806682e-16 -0.0524841130682 0.0569406064359 0.0415982103187 -0.0270026050647 -0.0211106287132 
11 -0.0135678637954 0.0160072171751 0.0326649353103 -0.0949734063712 1.14792160614e-16 -0.0676517404771 -0.0866550555503 -7.30608951932e-17 -0.0771230485012 -0.0250329067125 -0.0270026050647 0.0873350284274 0.0569406064359 
12 0.0117759388174 -0.00351314397614 -0.0278208863108 -0.0709488229718 3.97680611251e-16 -0.0457895429606 -0.0647346918549 3.26383313519e-16 -0.0524841130682 -0.0270026050647 -0.0211106287132 0.0569406064359 0.0415982103187 
[MOE] 
MOE 
0 -20.4227943927
1 -1.3340048683
2 -0.695907632433
3 -0.537410455134
4 -0.47928046461
5 0.269042076325
6 0.367762356336
7 1.21025155922
8 1.32018368639
9 1.7834986738
10 1.85910316971
11 2.01765547105
12 3.1200332327
[INPUT] 
mol = [(8,(0.0,0.0,0.0916858011029)),
(1,(1.42296788349,0.0,-0.981209549317)),
(1,(-1.42296788349,0.0,-0.981209549317)),
basis = [[(0,0,0),322.037,3.20959344299,(8.97512540429e-17,4.56002417379e-18,0.0915086690807)],
48.4308,3.20959344299,(8.97512540429e-17,4.56002417379e-18,0.0915086690807)],
10.4206,3.20959344299,(8.97512540429e-17,4.56002417379e-18,0.0915086690807)],
]
[(0,0,0),7.40294,4.59913973987,(-5.61678548753e-18,-7.78542513307e-19,0.0914511655543)],
1.5762,4.59913973987,(-5.61678548753e-18,-7.78542513307e-19,0.0914511655543)],
]
[(0,0,0),0.373684,2.92518278339,(-3.93922879729e-18,-1.18320267077e-20,0.0916857874529)],
]
[(1,0,0),7.40294,-1.29369515498,(-2.82698564591e-18,-2.24044533459e-19,0.0893305329716)],
1.5762,-1.29369515498,(-2.82698564591e-18,-2.24044533459e-19,0.0893305329716)],
]
[(0,1,0),7.40294,1.22471211548,(1.97774976364e-18,-6.66878504829e-18,0.0898891245008)],
1.5762,1.22471211548,(1.97774976364e-18,-6.66878504829e-18,0.0898891245008)],
]
[(0,0,1),7.40294,0.340634372672,(1.37439515726e-17,-2.24195935502e-19,0.0898123858479)],
1.5762,0.340634372672,(1.37439515726e-17,-2.24195935502e-19,0.0898123858479)],
]
[(1,0,0),0.373684,4.25723044476,(-2.1156317234e-18,-4.10782766005e-20,0.0914461650323)],
]
[(0,1,0),0.373684,2.1497572264,(9.1410997875e-19,4.74553290135e-19,0.0908773670218)],
]
[(0,0,1),0.373684,4.25723044476,(1.85637874177e-17,1.51160123093e-19,0.091066972463)],
]
[(0,0,0),5.447178,2.1497572264,(1.42216909242,-3.21132734071e-19,-0.980757416851)],
0.824547,2.1497572264,(1.42216909242,-3.21132734071e-19,-0.980757416851)],
]
[(0,0,0),0.183192,4.25723044476,(1.42295518272,1.11045630788e-19,-0.981261998196)],
]
[(0,0,0),5.447178,2.1497572264,(-1.42216909242,-8.02386510264e-20,-0.980757416851)],
0.824547,2.1497572264,(-1.42216909242,-8.02386510264e-20,-0.980757416851)],
]
[(0,0,0),0.183192,0.416457527847,(-1.42295518272,-1.83729830604e-19,-0.981261998196)],
]
[Atoms]
O 1 8 0.0 0.0 0.0916858011029
H 2 1 1.42296788349 0.0 -0.981209549317
H 3 1 -1.42296788349 0.0 -0.981209549317
XX 4 0 8.97512540429e-17 4.56002417379e-18 0.0915086690807
XX 5 0 -5.61678548753e-18 -7.78542513307e-19 0.0914511655543
XX 6 0 -3.93922879729e-18 -1.18320267077e-20 0.0916857874529
XX 7 0 -2.82698564591e-18 -2.24044533459e-19 0.0893305329716
XX 8 0 1.97774976364e-18 -6.66878504829e-18 0.0898891245008
XX 9 0 1.37439515726e-17 -2.24195935502e-19 0.0898123858479
XX 10 0 -2.1156317234e-18 -4.10782766005e-20 0.0914461650323
XX 11 0 9.1410997875e-19 4.74553290135e-19 0.0908773670218
XX 12 0 1.85637874177e-17 1.51160123093e-19 0.091066972463
XX 13 0 1.42216909242 -3.21132734071e-19 -0.980757416851
XX 14 0 1.42295518272 1.11045630788e-19 -0.981261998196
XX 15 0 -1.42216909242 -8.02386510264e-20 -0.980757416851
XX 16 0 -1.42295518272 -1.83729830604e-19 -0.981261998196
[GTO]
  4  0
 s   3 1.0 0 0 0
  322.037 3.20959344299
  48.4308 4.59913973987
  10.4206 2.92518278339
  
  5  0
 s   2 1.0 0 0 0
  7.40294 -1.29369515498
  1.5762 1.22471211548
  
  6  0
 s   1 1.0 0 0 0
  0.373684 0.340634372672
  
  7  0
 p   2 1.0 1 0 0
  7.40294 4.25723044476
  1.5762 2.1497572264
  
  8  0
 p   2 1.0 0 1 0
  7.40294 4.25723044476
  1.5762 2.1497572264
  
  9  0
 p   2 1.0 0 0 1
  7.40294 4.25723044476
  1.5762 2.1497572264
  
  10  0
 p   1 1.0 1 0 0
  0.373684 0.416457527847
  
  11  0
 p   1 1.0 0 1 0
  0.373684 0.416457527847
  
  12  0
 p   1 1.0 0 0 1
  0.373684 0.416457527847
  
  13  0
 s   2 1.0 0 0 0
  5.447178 0.397151320568
  0.824547 0.557919923333
  
  14  0
 s   1 1.0 0 0 0
  0.183192 0.199567570484
  
  15  0
 s   2 1.0 0 0 0
  5.447178 0.397151320568
  0.824547 0.557919923333
  
  16  0
 s   1 1.0 0 0 0
  0.183192 0.199567570484
  
[MO]
  Sym=  None
  Ene=      -20.4227943927
  Spin= Alpha
  Occup=    2.0
4 0.983233040295
5 0.096020738912
6 -0.038392707998
7 -2.608590427e-16
8 5.21504201307e-17
9 -0.00312189236775
10 1.37043154602e-16
11 1.88756619464e-17
12 0.00658523002495
13 0.00253594800895
14 0.00708753969837
15 0.00253594800895
16 0.00708753969837
  Sym=  None
  Ene=      -1.3340048683
  Spin= Alpha
  Occup=    2.0
4 -0.22870330067
5 0.217485796903
6 0.702653207598
7 -4.51028103754e-17
8 -9.3611446018e-17
9 -0.0846403191374
10 3.1918911958e-16
11 -1.5367644664e-16
12 -0.0920174078839
13 0.120437190921
14 0.0176725262398
15 0.120437190921
16 0.0176725262398
  Sym=  None
  Ene=      -0.695907632433
  Spin= Alpha
  Occup=    2.0
4 6.20163642662e-17
5 2.11636264069e-16
6 -1.02695629778e-15
7 -0.400678290864
8 5.62763376242e-17
9 4.85722573274e-17
10 -0.365584439679
11 -6.42169397896e-16
12 0.0
13 -0.237031575048
14 -0.177071791983
15 0.237031575048
16 0.177071791983
  Sym=  None
  Ene=      -0.537410455134
  Spin= Alpha
  Occup=    2.0
4 -0.089020190322
5 0.0808537281261
6 0.402058905763
7 -7.6327832943e-17
8 5.70582918124e-16
9 0.445368592565
10 -2.56739074445e-16
11 9.98204349123e-16
12 0.512095984553
13 -0.128994235794
14 -0.0994044234431
15 -0.128994235794
16 -0.0994044234431
  Sym=  None
  Ene=      -0.47928046461
  Spin= Alpha
  Occup=    2.0
4 1.06980899707e-16
5 3.50426696736e-17
6 -8.04990750428e-16
7 -1.28111250774e-16
8 0.520512721463
9 -7.47317027564e-16
10 2.34742479754e-17
11 0.632835173168
12 -3.90073672076e-16
13 5.07879046528e-16
14 -5.49427261048e-16
15 3.5771815042e-16
16 8.5630732831e-16
  Sym=  None
  Ene=      0.269042076325
  Spin= Alpha
  Occup=    2.0
4 -0.109968071343
5 0.0345139683587
6 1.07060135363
7 -9.08995101412e-16
8 -1.12883955819e-16
9 -0.202022573512
10 -6.10622663544e-16
11 5.04498801215e-17
12 -0.455609468456
13 -0.0441643808885
14 -0.874221251301
15 -0.0441643808885
16 -0.874221251301
  Sym=  None
  Ene=      0.367762356336
  Spin= Alpha
  Occup=    0.0
4 -1.6826817717e-16
5 9.57567358739e-16
6 -3.33066907388e-16
7 0.298750681098
8 -4.01182029545e-16
9 -3.12250225676e-16
10 0.779134275091
11 -1.19094581035e-16
12 3.46944695195e-16
13 -0.0297136322395
14 -1.19976674408
15 0.0297136322395
16 1.19976674408
  Sym=  None
  Ene=      1.21025155922
  Spin= Alpha
  Occup=    0.0
4 6.89552581701e-17
5 -7.42461647718e-16
6 1.91513471748e-15
7 0.181609664416
8 -9.76687159314e-17
9 9.71445146547e-16
10 0.50774093868
11 -8.87205757877e-17
12 3.74700270811e-16
13 -0.974493260001
14 0.648969497939
15 0.974493260001
16 -0.648969497939
  Sym=  None
  Ene=      1.32018368639
  Spin= Alpha
  Occup=    0.0
4 -0.0704440802
5 0.0938708629387
6 0.165948999346
7 5.8633653488e-16
8 4.04998954346e-16
9 -0.264225639559
10 2.47024622979e-15
11 -2.93032820842e-16
12 -0.333283404624
13 -0.996604488155
14 0.468087250029
15 -0.996604488155
16 0.468087250029
  Sym=  None
  Ene=      1.7834986738
  Spin= Alpha
  Occup=    0.0
4 2.22058609248e-16
5 -1.15102880682e-15
6 2.07413193032e-17
7 -3.17040246641e-15
8 -1.02966659589
9 -3.59244988427e-15
10 4.52822907235e-15
11 0.964710544926
12 3.48073224507e-15
13 -1.10952270554e-16
14 -9.26187768782e-16
15 7.78241577017e-16
16 2.11458130039e-15
  Sym=  None
  Ene=      1.85910316971
  Spin= Alpha
  Occup=    0.0
4 -0.0469402241338
5 0.125200236622
6 0.189118080853
7 -5.9865307156e-15
8 -3.58843799898e-15
9 1.01305391203
10 8.17661910402e-15
11 3.36484089757e-15
12 -1.14810861118
13 -0.243535023536
14 -0.103518235699
15 -0.243535023536
16 -0.103518235699
  Sym=  None
  Ene=      2.01765547105
  Spin= Alpha
  Occup=    0.0
4 -2.86337793753e-16
5 -7.47665818146e-16
6 3.53883589099e-15
7 1.0686085593
8 -3.72338961588e-15
9 6.15653361624e-15
10 -1.40995600333
11 3.32098810379e-15
12 -8.11503642062e-15
13 0.129197161111
14 0.532221088135
15 -0.129197161111
16 -0.532221088135
  Sym=  None
  Ene=      3.1200332327
  Spin= Alpha
  Occup=    0.0
4 0.0835318721319
5 -1.64678012267
6 2.02251454336
7 -9.76649316975e-16
8 5.64130279105e-16
9 0.154790733773
10 2.40519409944e-15
11 -9.91245446228e-16
12 -0.492150970616
13 -0.282763903939
14 -0.373357418808
15 -0.282763903939
16 -0.373357418808
