[Energy] 
E_elec: -84.934232713
E_nuc: 9.32946299582
E_tot: -75.6047697172
SCF Details
Eigen: True
Step: 0 -84.9339595528
Step: 1 -84.9341671559
Step: 2 -84.9342166576
Step: 3 -84.934228759
Step: 4 -84.9342317382
Step: 5 -84.934232473
Step: 6 -84.9342326544
Step: 7 -84.9342326992
Step: 8 -84.9342327103
Step: 9 -84.934232713
[CM] 
C AO times MO
  0     1     2     3     4     5     6     7     8     9     10     11     12     
0 0.983219173204 -0.228625430003 -2.06820905922e-07 0.0872327878195 -5.44147212784e-08 0.110135361349 8.07702238788e-07 -8.20380443079e-08 -0.0752307224804 -1.02505284404e-08 0.0409956928928 -3.26500013713e-07 -0.0847900960246 
1 0.0958819082477 0.220415245031 -1.97008521434e-07 -0.0743007870313 1.74524070807e-08 -0.0355987133568 9.49345235063e-09 4.58981407554e-07 0.084660123332 -1.03402034658e-07 -0.108796369867 -1.47282103023e-06 1.64621378156 
2 -0.0386004457341 0.692413060069 4.53123751992e-08 -0.391372253542 1.67617192857e-07 -1.09137073494 -6.66790198622e-06 9.70698366132e-09 0.2857851447 1.35822090698e-07 -0.260887979236 3.84844571154e-06 -2.0525534 
3 1.62810455814e-06 1.13873095071e-06 -0.400599468092 6.77430315935e-07 -3.44243873032e-13 -1.4553676444e-06 0.295984248042 0.164439915521 2.46765284803e-08 2.13618952648e-14 -1.83233745786e-06 -1.07219216835 -1.5586231862e-06 
4 8.99302185464e-08 6.53329369605e-08 3.91788975713e-13 -2.29121634405e-07 -0.518690389393 3.12101186784e-08 1.68220644908e-13 4.75540398e-14 5.22655109231e-08 -1.03042037447 2.45882265519e-07 -4.22846471766e-13 -7.67054875347e-08 
5 -0.0025761850788 -0.078525012182 -1.20516054176e-06 -0.445756798017 2.04961577082e-07 0.196866859529 7.9276675723e-07 -5.18461235647e-07 -0.254511290422 -2.48311567056e-07 -1.01955902017 1.90546159117e-06 -0.132636957292 
6 -9.68534263733e-07 8.86111601053e-07 -0.356383286756 5.24640464197e-07 -2.60033612623e-13 -3.49352740561e-06 0.782139862134 0.597782408037 -2.64018655598e-06 -1.17747061057e-13 2.85323482872e-06 1.40422291703 1.3230500807e-06 
7 -3.72234732168e-08 4.60674468769e-08 4.05202844638e-13 -2.59709266475e-07 -0.634611896107 8.41266400523e-08 5.78681215097e-13 -8.32526390417e-14 -8.14252167268e-08 0.963365771393 -2.22004086631e-07 3.17843710685e-13 4.55831848825e-08 
8 0.00666954618282 -0.0790536378785 -1.17161915341e-06 -0.5118728126 2.61412654865e-07 0.462984497884 1.9437174482e-06 -1.26783649018e-06 -0.399282918395 2.06306409659e-07 1.1637478501 -3.06759379778e-06 0.487153785792 
9 0.00248169116667 0.124388966524 -0.237556009338 0.131488480819 -1.69657951793e-08 0.0437652043464 -0.0306945939038 -0.989199593961 -1.02456149694 -3.35761855704e-08 0.234613093506 -0.104022836234 0.282626811916 
10 0.00719763091171 0.0211973538128 -0.183121913864 0.0969927992402 2.76347522308e-08 0.881448896704 -1.20518892658 0.591186204094 0.430791621644 1.31209072977e-08 0.131174010672 -0.556067552534 0.38209287761 
11 0.00248164621157 0.124388370956 0.237557425321 0.131486698935 -1.69647464688e-08 0.0437643003527 0.0306946368998 0.989194299952 -1.02456672043 -3.35762556256e-08 0.234613916638 0.104019973597 0.282626809345 
12 0.00719686644143 0.0211975768974 0.183123435789 0.0969907256622 2.76361694534e-08 0.881436760651 1.20519843246 -0.591183553192 0.430793484887 1.312084317e-08 0.131176059606 0.55606610588 0.38209398613 
[DM] 
D 
  0     1     2     3     4     5     6     7     8     9     10     11     12     
0 1.02659908907 0.0373989355883 -0.23039642469 1.4823872442e-06 8.17218183689e-08 -0.0234647480674 -1.03539573931e-06 -3.5253956302e-08 -0.0200207948151 -0.0145282787426 0.0106915847332 -0.0145284404835 0.0106905254574 
1 0.0373989355883 0.0632968275246 0.177996576362 4.35687336649e-07 3.09945782097e-08 0.0155649615749 1.3367693725e-07 1.48060076969e-08 0.0212474146879 0.0178855230104 -0.00184426272201 0.0178854262218 -0.0018442049346 
2 -0.23039642469 0.177996576362 0.634098081008 4.42347077764e-07 4.44964556439e-08 0.120184540487 4.29462805561e-07 2.86056808267e-08 0.145337597425 0.0345717967475 -0.0235608058562 0.0345721050124 -0.0235597937442 
3 1.4823872442e-06 4.35687336649e-07 4.42347077764e-07 0.16047993384 8.72040282388e-14 8.72043430363e-08 0.142766955111 -1.27942996318e-13 4.34297428272e-08 0.0951650457431 0.0733586428525 -0.0951651434666 -0.0733590494121 
4 8.17218183689e-08 3.09945782097e-08 4.44964556439e-08 8.72040282388e-14 0.269039720048 -9.54102067678e-09 -1.5416481236e-13 0.329167091505 -2.28761089081e-08 -1.29770782571e-08 -3.45249309267e-08 -1.29770707539e-08 -3.45251016082e-08 
5 -0.0234647480674 0.0155649615749 0.120184540487 8.72043430363e-08 -9.54102067678e-09 0.204871937247 1.28550220761e-07 -1.78254362934e-08 0.23436129183 -0.0683856363001 -0.0449180438244 -0.0683853677185 -0.0449175764457 
6 -1.03539573931e-06 1.3367693725e-07 4.29462805561e-07 0.142766955111 -1.5416481236e-13 1.28550220761e-07 0.127009047081 -3.87679794026e-14 7.24862650755e-08 0.0846611681996 0.0652616522385 -0.0846613192277 -0.0652620692302 
7 -3.5253956302e-08 1.48060076969e-08 2.86056808267e-08 -1.27942996318e-13 0.329167091505 -1.78254362934e-08 -3.87679794026e-14 0.40273225868 -3.68475308188e-08 -1.77442727713e-08 -4.20187583079e-08 -1.77443087693e-08 -4.201893203e-08 
8 -0.0200207948151 0.0212474146879 0.145337597425 4.34297428272e-08 -2.28761089081e-08 0.23436129183 7.24862650755e-08 -3.68475308188e-08 0.268307736788 -0.0771219487378 -0.0512754854004 -0.07712154651 -0.0512748758265 
9 -0.0145282787426 0.0178855230104 0.0345717967475 0.0951650457431 -1.29770782571e-08 -0.0683856363001 0.0846611681996 -1.77442727713e-08 -0.0771219487378 0.0892008519445 0.0589097261332 -0.0236655080666 -0.0280943043684 
10 0.0106915847332 -0.00184426272201 -0.0235608058562 0.0733586428525 -3.45249309267e-08 -0.0449180438244 0.0652616522385 -4.20187583079e-08 -0.0512754854004 0.0589097261332 0.0434423721412 -0.0280941411021 -0.0236253791269 
11 -0.0145284404835 0.0178854262218 0.0345721050124 -0.0951651434666 -1.29770707539e-08 -0.0683853677185 -0.0846613192277 -1.77443087693e-08 -0.07712154651 -0.0236655080666 -0.0280941411021 0.0892009077192 0.0589099144014 
12 0.0106905254574 -0.0018442049346 -0.0235597937442 -0.0733590494121 -3.45251016082e-08 -0.0449175764457 -0.0652620692302 -4.201893203e-08 -0.0512748758265 -0.0280943043684 -0.0236253791269 0.0589099144014 0.0434425257525 
[MOE] 
MOE 
0 -20.4199729398
1 -1.32744285562
2 -0.695000680892
3 -0.540428655437
4 -0.477593260501
5 0.273988981826
6 0.370298404934
7 1.23078687429
8 1.36440927571
9 1.78346697889
10 1.85608384908
11 2.01523009424
12 3.10672335085
[INPUT] 
mol = [(8,(0.0,0.0,0.0916858011029)),
(1,(1.42296788349,0.0,-0.981209549317)),
(1,(-1.42296788349,0.0,-0.981209549317)),
basis = [[(0,0,0),322.037,3.20959344299,(-8.49506481721e-07,-4.95457619844e-08,0.0915107056301)],
48.4308,3.20959344299,(-8.49506481721e-07,-4.95457619844e-08,0.0915107056301)],
10.4206,3.20959344299,(-8.49506481721e-07,-4.95457619844e-08,0.0915107056301)],
]
[(0,0,0),7.40294,4.59913973987,(2.67866120848e-09,1.596576807e-10,0.0860104226408)],
1.5762,4.59913973987,(2.67866120848e-09,1.596576807e-10,0.0860104226408)],
]
[(0,0,0),0.373684,2.92518278339,(1.64118596051e-13,1.74871695989e-15,0.0912046469815)],
]
[(1,0,0),7.40294,-1.29369515498,(6.06990262624e-10,-1.19883056266e-11,0.0835719573438)],
1.5762,-1.29369515498,(6.06990262624e-10,-1.19883056266e-11,0.0835719573438)],
]
[(0,1,0),7.40294,1.22471211548,(-3.56013937904e-10,5.71825349022e-11,0.0813480662779)],
1.5762,1.22471211548,(-3.56013937904e-10,5.71825349022e-11,0.0813480662779)],
]
[(0,0,1),7.40294,0.340634372672,(-2.99804909491e-10,-1.68933353496e-11,0.0910661887897)],
1.5762,0.340634372672,(-2.99804909491e-10,-1.68933353496e-11,0.0910661887897)],
]
[(1,0,0),0.373684,4.25723044476,(2.05353013389e-11,-7.25406736978e-13,0.0803841537659)],
]
[(0,1,0),0.373684,2.1497572264,(-3.2117104394e-11,4.93876718109e-12,0.0457282334961)],
]
[(0,0,1),0.373684,4.25723044476,(-2.23563667799e-11,-2.35133830364e-12,0.0591164681386)],
]
[(0,0,0),5.447178,2.1497572264,(1.38032552741,3.26618939825e-13,-0.954718809354)],
0.824547,2.1497572264,(1.38032552741,3.26618939825e-13,-0.954718809354)],
]
[(0,0,0),0.183192,4.25723044476,(1.42233814389,3.12477848902e-13,-0.984708171489)],
]
[(0,0,0),5.447178,2.1497572264,(-1.38032552741,3.26578932809e-13,-0.954718809361)],
0.824547,2.1497572264,(-1.38032552741,3.26578932809e-13,-0.954718809361)],
]
[(0,0,0),0.183192,0.416457527847,(-1.42233814388,3.13208112161e-13,-0.984708171491)],
]
[Atoms]
O 1 8 0.0 0.0 0.0916858011029
H 2 1 1.42296788349 0.0 -0.981209549317
H 3 1 -1.42296788349 0.0 -0.981209549317
XX 4 0 -8.49506481721e-07 -4.95457619844e-08 0.0915107056301
XX 5 0 2.67866120848e-09 1.596576807e-10 0.0860104226408
XX 6 0 1.64118596051e-13 1.74871695989e-15 0.0912046469815
XX 7 0 6.06990262624e-10 -1.19883056266e-11 0.0835719573438
XX 8 0 -3.56013937904e-10 5.71825349022e-11 0.0813480662779
XX 9 0 -2.99804909491e-10 -1.68933353496e-11 0.0910661887897
XX 10 0 2.05353013389e-11 -7.25406736978e-13 0.0803841537659
XX 11 0 -3.2117104394e-11 4.93876718109e-12 0.0457282334961
XX 12 0 -2.23563667799e-11 -2.35133830364e-12 0.0591164681386
XX 13 0 1.38032552741 3.26618939825e-13 -0.954718809354
XX 14 0 1.42233814389 3.12477848902e-13 -0.984708171489
XX 15 0 -1.38032552741 3.26578932809e-13 -0.954718809361
XX 16 0 -1.42233814388 3.13208112161e-13 -0.984708171491
[GTO]
  4  0
 s   3 1.0 0 0 0
  322.037 3.20959344299
  48.4308 4.59913973987
  10.4206 2.92518278339
  
  5  0
 s   2 1.0 0 0 0
  7.40294 -1.29369515498
  1.5762 1.22471211548
  
  6  0
 s   1 1.0 0 0 0
  0.373684 0.340634372672
  
  7  0
 p   2 1.0 1 0 0
  7.40294 4.25723044476
  1.5762 2.1497572264
  
  8  0
 p   2 1.0 0 1 0
  7.40294 4.25723044476
  1.5762 2.1497572264
  
  9  0
 p   2 1.0 0 0 1
  7.40294 4.25723044476
  1.5762 2.1497572264
  
  10  0
 p   1 1.0 1 0 0
  0.373684 0.416457527847
  
  11  0
 p   1 1.0 0 1 0
  0.373684 0.416457527847
  
  12  0
 p   1 1.0 0 0 1
  0.373684 0.416457527847
  
  13  0
 s   2 1.0 0 0 0
  5.447178 0.397151320568
  0.824547 0.557919923333
  
  14  0
 s   1 1.0 0 0 0
  0.183192 0.199567570484
  
  15  0
 s   2 1.0 0 0 0
  5.447178 0.397151320568
  0.824547 0.557919923333
  
  16  0
 s   1 1.0 0 0 0
  0.183192 0.199567570484
  
[MO]
  Sym=  None
  Ene=      -20.4199729398
  Spin= Alpha
  Occup=    2.0
4 0.983219173204
5 0.0958819082477
6 -0.0386004457341
7 1.62810455814e-06
8 8.99302185464e-08
9 -0.0025761850788
10 -9.68534263733e-07
11 -3.72234732168e-08
12 0.00666954618282
13 0.00248169116667
14 0.00719763091171
15 0.00248164621157
16 0.00719686644143
  Sym=  None
  Ene=      -1.32744285562
  Spin= Alpha
  Occup=    2.0
4 -0.228625430003
5 0.220415245031
6 0.692413060069
7 1.13873095071e-06
8 6.53329369605e-08
9 -0.078525012182
10 8.86111601053e-07
11 4.60674468769e-08
12 -0.0790536378785
13 0.124388966524
14 0.0211973538128
15 0.124388370956
16 0.0211975768974
  Sym=  None
  Ene=      -0.695000680892
  Spin= Alpha
  Occup=    2.0
4 -2.06820905922e-07
5 -1.97008521434e-07
6 4.53123751992e-08
7 -0.400599468092
8 3.91788975713e-13
9 -1.20516054176e-06
10 -0.356383286756
11 4.05202844638e-13
12 -1.17161915341e-06
13 -0.237556009338
14 -0.183121913864
15 0.237557425321
16 0.183123435789
  Sym=  None
  Ene=      -0.540428655437
  Spin= Alpha
  Occup=    2.0
4 0.0872327878195
5 -0.0743007870313
6 -0.391372253542
7 6.77430315935e-07
8 -2.29121634405e-07
9 -0.445756798017
10 5.24640464197e-07
11 -2.59709266475e-07
12 -0.5118728126
13 0.131488480819
14 0.0969927992402
15 0.131486698935
16 0.0969907256622
  Sym=  None
  Ene=      -0.477593260501
  Spin= Alpha
  Occup=    2.0
4 -5.44147212784e-08
5 1.74524070807e-08
6 1.67617192857e-07
7 -3.44243873032e-13
8 -0.518690389393
9 2.04961577082e-07
10 -2.60033612623e-13
11 -0.634611896107
12 2.61412654865e-07
13 -1.69657951793e-08
14 2.76347522308e-08
15 -1.69647464688e-08
16 2.76361694534e-08
  Sym=  None
  Ene=      0.273988981826
  Spin= Alpha
  Occup=    2.0
4 0.110135361349
5 -0.0355987133568
6 -1.09137073494
7 -1.4553676444e-06
8 3.12101186784e-08
9 0.196866859529
10 -3.49352740561e-06
11 8.41266400523e-08
12 0.462984497884
13 0.0437652043464
14 0.881448896704
15 0.0437643003527
16 0.881436760651
  Sym=  None
  Ene=      0.370298404934
  Spin= Alpha
  Occup=    0.0
4 8.07702238788e-07
5 9.49345235063e-09
6 -6.66790198622e-06
7 0.295984248042
8 1.68220644908e-13
9 7.9276675723e-07
10 0.782139862134
11 5.78681215097e-13
12 1.9437174482e-06
13 -0.0306945939038
14 -1.20518892658
15 0.0306946368998
16 1.20519843246
  Sym=  None
  Ene=      1.23078687429
  Spin= Alpha
  Occup=    0.0
4 -8.20380443079e-08
5 4.58981407554e-07
6 9.70698366132e-09
7 0.164439915521
8 4.75540398e-14
9 -5.18461235647e-07
10 0.597782408037
11 -8.32526390417e-14
12 -1.26783649018e-06
13 -0.989199593961
14 0.591186204094
15 0.989194299952
16 -0.591183553192
  Sym=  None
  Ene=      1.36440927571
  Spin= Alpha
  Occup=    0.0
4 -0.0752307224804
5 0.084660123332
6 0.2857851447
7 2.46765284803e-08
8 5.22655109231e-08
9 -0.254511290422
10 -2.64018655598e-06
11 -8.14252167268e-08
12 -0.399282918395
13 -1.02456149694
14 0.430791621644
15 -1.02456672043
16 0.430793484887
  Sym=  None
  Ene=      1.78346697889
  Spin= Alpha
  Occup=    0.0
4 -1.02505284404e-08
5 -1.03402034658e-07
6 1.35822090698e-07
7 2.13618952648e-14
8 -1.03042037447
9 -2.48311567056e-07
10 -1.17747061057e-13
11 0.963365771393
12 2.06306409659e-07
13 -3.35761855704e-08
14 1.31209072977e-08
15 -3.35762556256e-08
16 1.312084317e-08
  Sym=  None
  Ene=      1.85608384908
  Spin= Alpha
  Occup=    0.0
4 0.0409956928928
5 -0.108796369867
6 -0.260887979236
7 -1.83233745786e-06
8 2.45882265519e-07
9 -1.01955902017
10 2.85323482872e-06
11 -2.22004086631e-07
12 1.1637478501
13 0.234613093506
14 0.131174010672
15 0.234613916638
16 0.131176059606
  Sym=  None
  Ene=      2.01523009424
  Spin= Alpha
  Occup=    0.0
4 -3.26500013713e-07
5 -1.47282103023e-06
6 3.84844571154e-06
7 -1.07219216835
8 -4.22846471766e-13
9 1.90546159117e-06
10 1.40422291703
11 3.17843710685e-13
12 -3.06759379778e-06
13 -0.104022836234
14 -0.556067552534
15 0.104019973597
16 0.55606610588
  Sym=  None
  Ene=      3.10672335085
  Spin= Alpha
  Occup=    0.0
4 -0.0847900960246
5 1.64621378156
6 -2.0525534
7 -1.5586231862e-06
8 -7.67054875347e-08
9 -0.132636957292
10 1.3230500807e-06
11 4.55831848825e-08
12 0.487153785792
13 0.282626811916
14 0.38209287761
15 0.282626809345
16 0.38209398613
