[Energy] 
E_elec: -84.9364750699
E_nuc: 9.32946299582
E_tot: -75.607012074
SCF Details
Eigen: True
Step: 0 -84.9361050875
Step: 1 -84.9363862161
Step: 2 -84.9364533436
Step: 3 -84.9364697291
Step: 4 -84.9364737557
Step: 5 -84.9364747469
Step: 6 -84.9364749911
Step: 7 -84.9364750513
Step: 8 -84.9364750662
Step: 9 -84.9364750699
[CM] 
C AO times MO
  0     1     2     3     4     5     6     7     8     9     10     11     12     
0 0.983218308463 -0.228542034672 5.02925384732e-05 0.0874428702171 1.29839090285e-05 0.109908438513 -0.000195628189934 -1.95541116484e-05 0.0756408037494 -2.39928578471e-06 -0.0413503313697 -7.9528643958e-05 0.084719677236 
1 0.0958368285969 0.220725242771 4.65725975954e-05 -0.0730196986431 -3.97018366977e-06 -0.0360098737611 -1.80548020863e-06 0.000108869361492 -0.0828923305564 -2.53832710733e-05 0.114590391361 -0.000354959289694 -1.64479625503 
2 -0.0385400030222 0.69118236226 -1.17411702748e-05 -0.389463780755 -3.93958714462e-05 -1.09456020255 0.00162072518181 1.45041063228e-05 -0.307166971326 3.26692885681e-05 0.261161565258 0.000938617047881 2.0565816417 
3 -0.000394195758114 -0.000276388626618 -0.400629380072 -0.00016488489924 -1.99716777651e-08 0.0003529316792 0.295434449627 -0.160952523513 1.41019682731e-05 -7.25043359478e-10 -0.000440579562831 1.0727732622 -0.000378005924928 
4 -2.16146934395e-05 -1.56969016423e-05 2.28628839735e-08 5.43110784427e-05 -0.51831150108 -7.46389123308e-06 9.74241877496e-09 -2.73180716429e-09 1.29377369722e-05 1.0305086995 6.10987803889e-05 2.46365017829e-08 -1.8438918206e-05 
5 -0.00271600099449 -0.0777529998997 0.000291458377868 -0.445859365994 -4.86190184985e-05 0.196091810423 -0.000191927680648 -0.000120943094826 0.251439782412 -6.15957741534e-05 1.01987619972 0.000459545218784 0.138443046446 
6 0.000234101937358 -0.000214654565957 -0.354966077306 -0.000125454491591 -1.47973294501e-08 0.000849208099655 0.782490777051 -0.614555797597 -0.000646848560786 6.15360570414e-09 0.000686119067875 -1.40175924076 0.000320133821948 
7 8.94470649563e-06 -1.10786481508e-05 2.37320926249e-08 6.15584535165e-05 -0.635010047886 -2.01734400225e-05 3.37088160007e-08 4.72590546917e-09 -1.99044679185e-05 -0.962993889091 -5.51763517963e-05 -1.84889454911e-08 1.09533805154e-05 
8 0.0064294454718 -0.0777869330676 0.000282576019995 -0.511927274693 -6.22287258526e-05 0.464038216616 -0.000473463628158 -0.000309854728669 0.41102752955 5.14246623341e-05 -1.16277985874 -0.000742576737097 -0.487305082416 
9 0.00244436191466 0.124728531505 -0.237540317909 0.131431663346 3.85902990743e-06 0.0436120016175 -0.0307536548207 0.991641821441 1.0299885434 -8.37115486405e-06 -0.229636742268 0.0981824829742 -0.282680627151 
10 0.00707840012196 0.0216735148164 -0.184401433617 0.0964000027368 -6.87815734249e-06 0.881107976769 -1.20721317788 -0.580732296565 -0.424226647111 3.61958244584e-06 -0.134789635683 0.559714671594 -0.383831892609 
11 0.00245377472625 0.124873336993 0.237196477464 0.131863000926 3.91947528013e-06 0.0438302614881 0.0307428778169 -0.992904707434 1.02874460941 -8.36714914396e-06 -0.229442723091 -0.0988789066031 -0.282683711743 
12 0.00726421104889 0.0216201756609 0.184031965937 0.0969031264362 -6.79616670044e-06 0.884059084003 1.20490361696 0.581353161266 -0.423806608814 3.6226754771e-06 -0.134292602998 -0.56006812747 -0.383561795263 
[DM] 
D 
  0     1     2     3     4     5     6     7     8     9     10     11     12     
0 1.02659596196 0.0373984786741 -0.229913291917 -0.000358980745024 -1.96451521271e-05 -0.0238878017534 0.000250408655995 8.46447234137e-06 -0.0206652443828 -0.0146215555598 0.0104265222427 -0.0145838017366 0.0106839292194 
1 0.0373984786741 0.0632362090866 0.177306370558 -0.000105402923184 -7.44417175473e-06 0.0151341876083 -3.23151369883e-05 -3.56197709657e-06 0.0208274267105 0.0181568319561 -0.00158542393671 0.018180309862 -0.00159896874557 
2 -0.229913291917 0.177306370558 0.630900427941 -0.000106922083336 -1.07492561568e-05 0.120009245401 -0.000104360040995 -6.96010932389e-06 0.145364384009 0.0349308716628 -0.0228345945639 0.0348570315595 -0.0230788971017 
3 -0.000358980745024 -0.000105402923184 -0.000106922083336 0.160504159145 5.09579610578e-09 -2.06906307052e-05 0.142209827229 -7.43956991853e-09 -9.83421389777e-06 0.0951085221047 0.0738519565413 -0.0950851007768 -0.0737534293805 
4 -1.96451521271e-05 -7.44417175473e-06 -1.07492561568e-05 5.09579610578e-09 0.268646815815 2.26388684236e-06 -8.95012093519e-09 0.329133014445 5.53259173917e-06 3.12189931261e-06 8.30319573979e-06 3.12237358963e-06 8.29326870106e-06 
5 -0.0238878017534 0.0151341876083 0.120009245401 -2.06906307052e-05 2.26388684236e-06 0.204843567211 -3.14685609379e-05 4.26426342222e-06 0.234278360533 -0.0683739277813 -0.0447389948475 -0.0684391622942 -0.0448522916474 
6 0.000250408655995 -3.23151369883e-05 -0.000104360040995 0.142209827229 -8.95012093519e-09 -3.14685609379e-05 0.126001032657 -2.27836390173e-09 -1.78788584636e-05 0.0842760648388 0.0654411644756 -0.0842394761605 -0.0653402022834 
7 8.46447234137e-06 -3.56197709657e-06 -6.96010932389e-06 -7.43956991853e-09 0.329133014445 4.26426342222e-06 -2.27836390173e-09 0.403237764909 8.92170511148e-06 4.27461042852e-06 1.01207588457e-05 4.27252592726e-06 1.01106621265e-05 
8 -0.0206652443828 0.0208274267105 0.145364384009 -9.83421389777e-06 5.53259173917e-06 0.234278360533 -1.78788584636e-05 8.92170511148e-06 0.268161763022 -0.077037110703 -0.0510423037354 -0.0771349784 -0.0511904122905 
9 -0.0146215555598 0.0181568319561 0.0349308716628 0.0951085221047 3.12189931261e-06 -0.0683739277813 0.0842760648388 4.27461042852e-06 -0.077037110703 0.0892628662536 0.0591933956911 -0.0234314872423 -0.0282644635074 
10 0.0104265222427 -0.00158542393671 -0.0228345945639 0.0738519565413 8.30319573979e-06 -0.0447389948475 0.0654411644756 1.01207588457e-05 -0.0510423037354 0.0591933956911 0.0438166942876 -0.0283039639511 -0.0240742924597 
11 -0.0145838017366 0.018180309862 0.0348570315595 -0.0950851007768 3.12237358963e-06 -0.0684391622942 -0.0842394761605 4.27252592726e-06 -0.0771349784 -0.0234314872423 -0.0283039639511 0.0892493912517 0.0591472793038 
12 0.0106839292194 -0.00159896874557 -0.0230788971017 -0.0737534293805 8.29326870106e-06 -0.0448522916474 -0.0653402022834 1.01106621265e-05 -0.0511904122905 -0.0282644635074 -0.0240742924597 0.0591472793038 0.0437781812036 
[MOE] 
MOE 
0 -20.4192822125
1 -1.3262682907
2 -0.694750033006
3 -0.540796792975
4 -0.477043386483
5 0.274739941301
6 0.370750030094
7 1.23594745122
8 1.37186670697
9 1.78321427285
10 1.85440927077
11 2.01474521397
12 3.10543976907
[INPUT] 
mol = [(8,(0.0,0.0,0.0916858011029)),
(1,(1.42296788349,0.0,-0.981209549317)),
(1,(-1.42296788349,0.0,-0.981209549317)),
basis = [[(0,0,0),322.037,3.20959344299,(0.000205744625666,1.19093692564e-05,0.0915244578603)],
48.4308,3.20959344299,(0.000205744625666,1.19093692564e-05,0.0915244578603)],
10.4206,3.20959344299,(0.000205744625666,1.19093692564e-05,0.0915244578603)],
]
[(0,0,0),7.40294,4.59913973987,(-6.48091396919e-07,-3.83245134906e-08,0.0895434251635)],
1.5762,4.59913973987,(-6.48091396919e-07,-3.83245134906e-08,0.0895434251635)],
]
[(0,0,0),0.373684,2.92518278339,(-7.78513867544e-11,1.41094185003e-12,0.090608208049)],
]
[(1,0,0),7.40294,-1.29369515498,(-1.47309166457e-07,2.86839967984e-09,0.0812821713696)],
1.5762,-1.29369515498,(-1.47309166457e-07,2.86839967984e-09,0.0812821713696)],
]
[(0,1,0),7.40294,1.22471211548,(8.61494304644e-08,-1.37943963233e-08,0.0816060964666)],
1.5762,1.22471211548,(8.61494304644e-08,-1.37943963233e-08,0.0816060964666)],
]
[(0,0,1),7.40294,0.340634372672,(7.145711998e-08,3.84534834775e-09,0.0905799935751)],
1.5762,0.340634372672,(7.145711998e-08,3.84534834775e-09,0.0905799935751)],
]
[(1,0,0),0.373684,4.25723044476,(-5.07701006449e-09,1.69686101616e-10,0.0786904608278)],
]
[(0,1,0),0.373684,2.1497572264,(7.78250231057e-09,-1.18717632399e-09,0.0362877782331)],
]
[(0,0,1),0.373684,4.25723044476,(5.115379595e-09,5.1703695955e-10,0.0533546202652)],
]
[(0,0,0),5.447178,2.1497572264,(1.37461859172,-7.4169599964e-11,-0.949309818322)],
0.824547,2.1497572264,(1.37461859172,-7.4169599964e-11,-0.949309818322)],
]
[(0,0,0),0.183192,4.25723044476,(1.42228191873,-6.35063094471e-11,-0.985773627565)],
]
[(0,0,0),5.447178,2.1497572264,(-1.37461859165,-7.40234460456e-11,-0.949309817098)],
0.824547,2.1497572264,(-1.37461859165,-7.40234460456e-11,-0.949309817098)],
]
[(0,0,0),0.183192,0.416457527847,(-1.42228192082,-7.97479538514e-11,-0.98577362709)],
]
[Atoms]
O 1 8 0.0 0.0 0.0916858011029
H 2 1 1.42296788349 0.0 -0.981209549317
H 3 1 -1.42296788349 0.0 -0.981209549317
XX 4 0 0.000205744625666 1.19093692564e-05 0.0915244578603
XX 5 0 -6.48091396919e-07 -3.83245134906e-08 0.0895434251635
XX 6 0 -7.78513867544e-11 1.41094185003e-12 0.090608208049
XX 7 0 -1.47309166457e-07 2.86839967984e-09 0.0812821713696
XX 8 0 8.61494304644e-08 -1.37943963233e-08 0.0816060964666
XX 9 0 7.145711998e-08 3.84534834775e-09 0.0905799935751
XX 10 0 -5.07701006449e-09 1.69686101616e-10 0.0786904608278
XX 11 0 7.78250231057e-09 -1.18717632399e-09 0.0362877782331
XX 12 0 5.115379595e-09 5.1703695955e-10 0.0533546202652
XX 13 0 1.37461859172 -7.4169599964e-11 -0.949309818322
XX 14 0 1.42228191873 -6.35063094471e-11 -0.985773627565
XX 15 0 -1.37461859165 -7.40234460456e-11 -0.949309817098
XX 16 0 -1.42228192082 -7.97479538514e-11 -0.98577362709
[GTO]
  4  0
 s   3 1.0 0 0 0
  322.037 3.20959344299
  48.4308 4.59913973987
  10.4206 2.92518278339
  
  5  0
 s   2 1.0 0 0 0
  7.40294 -1.29369515498
  1.5762 1.22471211548
  
  6  0
 s   1 1.0 0 0 0
  0.373684 0.340634372672
  
  7  0
 p   2 1.0 1 0 0
  7.40294 4.25723044476
  1.5762 2.1497572264
  
  8  0
 p   2 1.0 0 1 0
  7.40294 4.25723044476
  1.5762 2.1497572264
  
  9  0
 p   2 1.0 0 0 1
  7.40294 4.25723044476
  1.5762 2.1497572264
  
  10  0
 p   1 1.0 1 0 0
  0.373684 0.416457527847
  
  11  0
 p   1 1.0 0 1 0
  0.373684 0.416457527847
  
  12  0
 p   1 1.0 0 0 1
  0.373684 0.416457527847
  
  13  0
 s   2 1.0 0 0 0
  5.447178 0.397151320568
  0.824547 0.557919923333
  
  14  0
 s   1 1.0 0 0 0
  0.183192 0.199567570484
  
  15  0
 s   2 1.0 0 0 0
  5.447178 0.397151320568
  0.824547 0.557919923333
  
  16  0
 s   1 1.0 0 0 0
  0.183192 0.199567570484
  
[MO]
  Sym=  None
  Ene=      -20.4192822125
  Spin= Alpha
  Occup=    2.0
4 0.983218308463
5 0.0958368285969
6 -0.0385400030222
7 -0.000394195758114
8 -2.16146934395e-05
9 -0.00271600099449
10 0.000234101937358
11 8.94470649563e-06
12 0.0064294454718
13 0.00244436191466
14 0.00707840012196
15 0.00245377472625
16 0.00726421104889
  Sym=  None
  Ene=      -1.3262682907
  Spin= Alpha
  Occup=    2.0
4 -0.228542034672
5 0.220725242771
6 0.69118236226
7 -0.000276388626618
8 -1.56969016423e-05
9 -0.0777529998997
10 -0.000214654565957
11 -1.10786481508e-05
12 -0.0777869330676
13 0.124728531505
14 0.0216735148164
15 0.124873336993
16 0.0216201756609
  Sym=  None
  Ene=      -0.694750033006
  Spin= Alpha
  Occup=    2.0
4 5.02925384732e-05
5 4.65725975954e-05
6 -1.17411702748e-05
7 -0.400629380072
8 2.28628839735e-08
9 0.000291458377868
10 -0.354966077306
11 2.37320926249e-08
12 0.000282576019995
13 -0.237540317909
14 -0.184401433617
15 0.237196477464
16 0.184031965937
  Sym=  None
  Ene=      -0.540796792975
  Spin= Alpha
  Occup=    2.0
4 0.0874428702171
5 -0.0730196986431
6 -0.389463780755
7 -0.00016488489924
8 5.43110784427e-05
9 -0.445859365994
10 -0.000125454491591
11 6.15584535165e-05
12 -0.511927274693
13 0.131431663346
14 0.0964000027368
15 0.131863000926
16 0.0969031264362
  Sym=  None
  Ene=      -0.477043386483
  Spin= Alpha
  Occup=    2.0
4 1.29839090285e-05
5 -3.97018366977e-06
6 -3.93958714462e-05
7 -1.99716777651e-08
8 -0.51831150108
9 -4.86190184985e-05
10 -1.47973294501e-08
11 -0.635010047886
12 -6.22287258526e-05
13 3.85902990743e-06
14 -6.87815734249e-06
15 3.91947528013e-06
16 -6.79616670044e-06
  Sym=  None
  Ene=      0.274739941301
  Spin= Alpha
  Occup=    2.0
4 0.109908438513
5 -0.0360098737611
6 -1.09456020255
7 0.0003529316792
8 -7.46389123308e-06
9 0.196091810423
10 0.000849208099655
11 -2.01734400225e-05
12 0.464038216616
13 0.0436120016175
14 0.881107976769
15 0.0438302614881
16 0.884059084003
  Sym=  None
  Ene=      0.370750030094
  Spin= Alpha
  Occup=    0.0
4 -0.000195628189934
5 -1.80548020863e-06
6 0.00162072518181
7 0.295434449627
8 9.74241877496e-09
9 -0.000191927680648
10 0.782490777051
11 3.37088160007e-08
12 -0.000473463628158
13 -0.0307536548207
14 -1.20721317788
15 0.0307428778169
16 1.20490361696
  Sym=  None
  Ene=      1.23594745122
  Spin= Alpha
  Occup=    0.0
4 -1.95541116484e-05
5 0.000108869361492
6 1.45041063228e-05
7 -0.160952523513
8 -2.73180716429e-09
9 -0.000120943094826
10 -0.614555797597
11 4.72590546917e-09
12 -0.000309854728669
13 0.991641821441
14 -0.580732296565
15 -0.992904707434
16 0.581353161266
  Sym=  None
  Ene=      1.37186670697
  Spin= Alpha
  Occup=    0.0
4 0.0756408037494
5 -0.0828923305564
6 -0.307166971326
7 1.41019682731e-05
8 1.29377369722e-05
9 0.251439782412
10 -0.000646848560786
11 -1.99044679185e-05
12 0.41102752955
13 1.0299885434
14 -0.424226647111
15 1.02874460941
16 -0.423806608814
  Sym=  None
  Ene=      1.78321427285
  Spin= Alpha
  Occup=    0.0
4 -2.39928578471e-06
5 -2.53832710733e-05
6 3.26692885681e-05
7 -7.25043359478e-10
8 1.0305086995
9 -6.15957741534e-05
10 6.15360570414e-09
11 -0.962993889091
12 5.14246623341e-05
13 -8.37115486405e-06
14 3.61958244584e-06
15 -8.36714914396e-06
16 3.6226754771e-06
  Sym=  None
  Ene=      1.85440927077
  Spin= Alpha
  Occup=    0.0
4 -0.0413503313697
5 0.114590391361
6 0.261161565258
7 -0.000440579562831
8 6.10987803889e-05
9 1.01987619972
10 0.000686119067875
11 -5.51763517963e-05
12 -1.16277985874
13 -0.229636742268
14 -0.134789635683
15 -0.229442723091
16 -0.134292602998
  Sym=  None
  Ene=      2.01474521397
  Spin= Alpha
  Occup=    0.0
4 -7.9528643958e-05
5 -0.000354959289694
6 0.000938617047881
7 1.0727732622
8 2.46365017829e-08
9 0.000459545218784
10 -1.40175924076
11 -1.84889454911e-08
12 -0.000742576737097
13 0.0981824829742
14 0.559714671594
15 -0.0988789066031
16 -0.56006812747
  Sym=  None
  Ene=      3.10543976907
  Spin= Alpha
  Occup=    0.0
4 0.084719677236
5 -1.64479625503
6 2.0565816417
7 -0.000378005924928
8 -1.8438918206e-05
9 0.138443046446
10 0.000320133821948
11 1.09533805154e-05
12 -0.487305082416
13 -0.282680627151
14 -0.383831892609
15 -0.282683711743
16 -0.383561795263
