[Energy] 
E_elec: -84.9193565922
E_nuc: 9.32946299582
E_tot: -75.5898935964
SCF Details
Eigen: True
Step: 0 -84.9193512991
Step: 1 -84.9193553884
Step: 2 -84.9193563001
Step: 3 -84.9193565207
Step: 4 -84.9193565752
Step: 5 -84.9193565888
Step: 6 -84.9193565922
[CM] 
C AO times MO
  0     1     2     3     4     5     6     7     8     9     10     11     12     
0 0.983213526568 -0.229254870784 -5.54239813766e-14 0.0859019233974 -1.42996094193e-14 0.111279363924 -2.0348219637e-13 2.62476672341e-14 0.072800630201 -1.8554010133e-15 0.0393323892929 -8.45902124388e-14 0.0847530408521 
1 0.096002760992 0.217691187041 -5.5244003816e-14 -0.0806493887358 5.88359971355e-15 -0.034360833836 -6.07153216592e-15 -1.35454147898e-13 -0.0931833723694 -2.72641875356e-14 -0.119465380622 -3.57196910938e-13 -1.64682448349 
2 -0.0384288787265 0.701695128193 2.06362704702e-14 -0.401389572374 4.91975585881e-14 -1.07260824108 1.64201985342e-12 6.08679773251e-14 -0.177860889792 3.56220692688e-14 -0.202112742605 9.14227027415e-13 2.02475676236 
3 4.1485413195e-13 2.89386570262e-13 -0.401418376135 1.63547994592e-13 -2.51454103701e-16 -3.63646612822e-13 -0.298179349842 -0.176664671383 3.86080056813e-14 -1.80392891431e-17 -4.84295329534e-13 -1.06890247123 3.8834408779e-13 
4 2.29005512897e-14 1.66734174967e-14 -1.39143279728e-16 -6.40691810318e-14 -0.520363805074 8.13328003575e-15 -3.01455412013e-16 1.68584751853e-16 -1.09482199936e-14 -1.02974158161 6.25390981877e-14 3.91070080019e-16 1.99113351799e-14 
5 -0.00306931553018 -0.0834898400103 -2.97780897163e-13 -0.44486901494 5.68275921248e-14 0.201324570093 -1.98709104726e-13 1.74044806345e-13 0.262868298397 -6.22802743429e-14 -1.01490699601 5.04537817775e-13 0.146520477837 
6 -2.46648187985e-13 2.26471619236e-13 -0.364426158022 1.35488842368e-13 -5.29868365576e-16 -8.51346770858e-13 -0.779112235036 -0.523690199342 6.779438122e-13 -1.42915756804e-16 7.47198310169e-13 1.40573067411 -3.30026804496e-13 
7 -9.47368394976e-15 1.17159035176e-14 5.82951339906e-16 -7.24690953035e-14 -0.632974804059 2.1517378583e-14 2.28317135207e-17 4.50205578778e-16 1.83168911229e-14 0.964618635502 -5.64388482222e-14 8.91627900023e-17 -1.20739994876e-14 
8 0.00664856151024 -0.0904250139917 -2.96630775498e-13 -0.511916808994 7.09615736823e-14 0.457161816652 -4.75439132508e-13 3.25135751655e-13 0.340758604857 5.33765416319e-14 1.15116193997 -7.80263006983e-13 -0.487527800537 
9 0.0025399439006 0.120927221996 -0.236819508561 0.129720471552 -5.81835462858e-15 0.0436711050095 0.0295867757954 0.976742588547 0.999308351526 -4.87490298538e-15 0.243570297133 -0.120156188819 -0.282431544351 
10 0.00710605195775 0.0180573610372 -0.177195309229 0.0997500415293 6.13310944515e-15 0.875075349999 1.20098246332 -0.639852714668 -0.46413723368 1.14457080708e-15 0.107452222751 -0.537638638397 -0.373603563245 
11 0.00253994390058 0.120927221996 0.236819508562 0.129720471552 -5.70130670582e-15 0.0436711050093 -0.0295867757955 -0.976742588546 0.999308351528 -5.3235372363e-15 0.243570297133 0.120156188818 -0.282431544351 
12 0.00710605195756 0.0180573610373 0.177195309229 0.0997500415288 4.71762110621e-15 0.875075349996 -1.20098246332 0.639852714667 -0.464137233681 1.57497510058e-15 0.107452222752 0.537638638397 -0.373603563246 
[DM] 
D 
  0     1     2     3     4     5     6     7     8     9     10     11     12     
0 1.02664577505 0.0375565106262 -0.233130955617 3.7784420522e-13 2.06310029076e-14 -0.0220924441065 -2.62590855781e-13 -9.17452435602e-15 -0.0167073080046 -0.0140826094428 0.0114157488604 -0.0140826094428 0.0114157488602 
1 0.0375565106262 0.0631103069369 0.181435390595 1.11809960581e-13 7.93370015148e-15 0.0174087489794 3.48272363293e-14 3.76136699068e-15 0.0222393293565 0.0161067553919 -0.00343165090898 0.0161067553919 -0.00343165090896 
2 -0.233130955617 0.181435390595 0.65496642046 1.13188529598e-13 1.09356857089e-14 0.120099320035 1.06488239933e-13 6.532579639e-15 0.141771780504 0.0326879907399 -0.0276409418548 0.03268799074 -0.0276409418546 
3 3.7784420522e-13 1.11809960581e-13 1.13188529598e-13 0.161136712699 1.86702283606e-16 2.13431322514e-14 0.146287356574 -7.48432682232e-17 1.19404752525e-14 0.0950637025639 0.0711294532894 -0.0950637025639 -0.0711294532895 
4 2.06310029076e-14 7.93370015148e-15 1.09356857089e-14 1.86702283606e-16 0.270778489632 -2.5309785946e-15 3.26431769735e-16 0.329377177557 -5.48318207329e-15 -3.17603520387e-15 -9.09388567322e-15 -3.30284639256e-15 -8.40662784806e-15 
5 -0.0220924441065 0.0174087489794 0.120099320035 2.13431322514e-14 -2.5309785946e-15 0.204888414536 3.00933223031e-14 -4.68026013412e-15 0.235265089966 -0.0678126087036 -0.0459051196149 -0.0678126087035 -0.0459051196148 
6 -2.62590855781e-13 3.48272363293e-14 1.06488239933e-13 0.146287356574 3.26431769735e-16 3.00933223031e-14 0.132806424651 1.22950607757e-16 1.66224430396e-14 0.0863032236499 0.0645746057619 -0.0863032236499 -0.064574605762 
7 -9.17452435602e-15 3.76136699068e-15 6.532579639e-15 -7.48432682232e-17 0.329377177557 -4.68026013412e-15 1.22950607757e-16 0.400657102574 -8.94113728886e-15 -4.4631985448e-15 -1.10699574491e-14 -4.26117843108e-15 -9.96739650914e-15 
8 -0.0167073080046 0.0222393293565 0.141771780504 1.19404752525e-14 -5.48318207329e-15 0.235265089966 1.66224430396e-14 -8.94113728886e-15 0.270279705856 -0.0773240486259 -0.0526493150575 -0.0773240486258 -0.0526493150573 
9 -0.0140826094428 0.0161067553919 0.0326879907399 0.0950637025639 -3.17603520387e-15 -0.0678126087036 0.0863032236499 -4.4631985448e-15 -0.0773240486259 0.0875407247098 0.0571046039557 -0.0246262345609 -0.0268220081465 
10 0.0114157488604 -0.00343165090898 -0.0276409418548 0.0711294532894 -9.09388567322e-15 -0.0459051196149 0.0645746057619 -1.10699574491e-14 -0.0526493150575 0.0571046039557 0.0417248126599 -0.0268220081464 -0.0210715425657 
11 -0.0140826094428 0.0161067553919 0.03268799074 -0.0950637025639 -3.30284639256e-15 -0.0678126087035 -0.0863032236499 -4.26117843108e-15 -0.0773240486258 -0.0246262345609 -0.0268220081464 0.0875407247098 0.0571046039557 
12 0.0114157488602 -0.00343165090896 -0.0276409418546 -0.0711294532895 -8.40662784806e-15 -0.0459051196148 -0.064574605762 -9.96739650914e-15 -0.0526493150573 -0.0268220081465 -0.0210715425657 0.0571046039557 0.0417248126599 
[MOE] 
MOE 
0 -20.4225090522
1 -1.33300991121
2 -0.696991437683
3 -0.537096603296
4 -0.479138843967
5 0.269977817272
6 0.36810638988
7 1.21312041811
8 1.32472807761
9 1.78352558611
10 1.85995828539
11 2.01510054357
12 3.11717262237
[INPUT] 
mol = [(8,(0.0,0.0,0.0916858011029)),
(1,(1.42296788349,0.0,-0.981209549317)),
(1,(-1.42296788349,0.0,-0.981209549317)),
basis = [[(0,0,0),322.037,3.20959344299,(-2.1665537763e-13,-1.2599535625e-14,0.0915125067367)],
48.4308,3.20959344299,(-2.1665537763e-13,-1.2599535625e-14,0.0915125067367)],
10.4206,3.20959344299,(-2.1665537763e-13,-1.2599535625e-14,0.0915125067367)],
]
[(0,0,0),7.40294,4.59913973987,(4.77025152632e-16,4.93752132952e-18,0.0903089818671)],
1.5762,4.59913973987,(4.77025152632e-16,4.93752132952e-18,0.0903089818671)],
]
[(0,0,0),0.373684,2.92518278339,(6.56159478126e-17,7.92815796022e-17,0.0916737939985)],
]
[(1,0,0),7.40294,-1.29369515498,(1.44109159072e-15,2.86227910153e-17,0.081879701584)],
1.5762,-1.29369515498,(1.44109159072e-15,2.86227910153e-17,0.081879701584)],
]
[(0,1,0),7.40294,1.22471211548,(-2.21450119052e-16,-3.42378442115e-16,0.0881384733396)],
1.5762,1.22471211548,(-2.21450119052e-16,-3.42378442115e-16,0.0881384733396)],
]
[(0,0,1),7.40294,0.340634372672,(-5.10942521195e-16,2.14989548216e-17,0.093929526796)],
1.5762,0.340634372672,(-5.10942521195e-16,2.14989548216e-17,0.093929526796)],
]
[(1,0,0),0.373684,4.25723044476,(-5.48484852398e-16,9.57550014872e-18,0.0901792744526)],
]
[(0,1,0),0.373684,2.1497572264,(-3.66217531515e-18,-3.42333686857e-18,0.0863714779176)],
]
[(0,0,1),0.373684,4.25723044476,(2.59098835313e-16,-2.59750895276e-18,0.0878535833948)],
]
[(0,0,0),5.447178,2.1497572264,(1.41769188866,3.89938531773e-17,-0.978107449714)],
0.824547,2.1497572264,(1.41769188866,3.89938531773e-17,-0.978107449714)],
]
[(0,0,0),0.183192,4.25723044476,(1.4228887519,-3.36336287276e-17,-0.981577941862)],
]
[(0,0,0),5.447178,2.1497572264,(-1.41769188866,3.95925659139e-17,-0.978107449714)],
0.824547,2.1497572264,(-1.41769188866,3.95925659139e-17,-0.978107449714)],
]
[(0,0,0),0.183192,0.416457527847,(-1.4228887519,2.61469059252e-17,-0.981577941862)],
]
[Atoms]
O 1 8 0.0 0.0 0.0916858011029
H 2 1 1.42296788349 0.0 -0.981209549317
H 3 1 -1.42296788349 0.0 -0.981209549317
XX 4 0 -2.1665537763e-13 -1.2599535625e-14 0.0915125067367
XX 5 0 4.77025152632e-16 4.93752132952e-18 0.0903089818671
XX 6 0 6.56159478126e-17 7.92815796022e-17 0.0916737939985
XX 7 0 1.44109159072e-15 2.86227910153e-17 0.081879701584
XX 8 0 -2.21450119052e-16 -3.42378442115e-16 0.0881384733396
XX 9 0 -5.10942521195e-16 2.14989548216e-17 0.093929526796
XX 10 0 -5.48484852398e-16 9.57550014872e-18 0.0901792744526
XX 11 0 -3.66217531515e-18 -3.42333686857e-18 0.0863714779176
XX 12 0 2.59098835313e-16 -2.59750895276e-18 0.0878535833948
XX 13 0 1.41769188866 3.89938531773e-17 -0.978107449714
XX 14 0 1.4228887519 -3.36336287276e-17 -0.981577941862
XX 15 0 -1.41769188866 3.95925659139e-17 -0.978107449714
XX 16 0 -1.4228887519 2.61469059252e-17 -0.981577941862
[GTO]
  4  0
 s   3 1.0 0 0 0
  322.037 3.20959344299
  48.4308 4.59913973987
  10.4206 2.92518278339
  
  5  0
 s   2 1.0 0 0 0
  7.40294 -1.29369515498
  1.5762 1.22471211548
  
  6  0
 s   1 1.0 0 0 0
  0.373684 0.340634372672
  
  7  0
 p   2 1.0 1 0 0
  7.40294 4.25723044476
  1.5762 2.1497572264
  
  8  0
 p   2 1.0 0 1 0
  7.40294 4.25723044476
  1.5762 2.1497572264
  
  9  0
 p   2 1.0 0 0 1
  7.40294 4.25723044476
  1.5762 2.1497572264
  
  10  0
 p   1 1.0 1 0 0
  0.373684 0.416457527847
  
  11  0
 p   1 1.0 0 1 0
  0.373684 0.416457527847
  
  12  0
 p   1 1.0 0 0 1
  0.373684 0.416457527847
  
  13  0
 s   2 1.0 0 0 0
  5.447178 0.397151320568
  0.824547 0.557919923333
  
  14  0
 s   1 1.0 0 0 0
  0.183192 0.199567570484
  
  15  0
 s   2 1.0 0 0 0
  5.447178 0.397151320568
  0.824547 0.557919923333
  
  16  0
 s   1 1.0 0 0 0
  0.183192 0.199567570484
  
[MO]
  Sym=  None
  Ene=      -20.4225090522
  Spin= Alpha
  Occup=    2.0
4 0.983213526568
5 0.096002760992
6 -0.0384288787265
7 4.1485413195e-13
8 2.29005512897e-14
9 -0.00306931553018
10 -2.46648187985e-13
11 -9.47368394976e-15
12 0.00664856151024
13 0.0025399439006
14 0.00710605195775
15 0.00253994390058
16 0.00710605195756
  Sym=  None
  Ene=      -1.33300991121
  Spin= Alpha
  Occup=    2.0
4 -0.229254870784
5 0.217691187041
6 0.701695128193
7 2.89386570262e-13
8 1.66734174967e-14
9 -0.0834898400103
10 2.26471619236e-13
11 1.17159035176e-14
12 -0.0904250139917
13 0.120927221996
14 0.0180573610372
15 0.120927221996
16 0.0180573610373
  Sym=  None
  Ene=      -0.696991437683
  Spin= Alpha
  Occup=    2.0
4 -5.54239813766e-14
5 -5.5244003816e-14
6 2.06362704702e-14
7 -0.401418376135
8 -1.39143279728e-16
9 -2.97780897163e-13
10 -0.364426158022
11 5.82951339906e-16
12 -2.96630775498e-13
13 -0.236819508561
14 -0.177195309229
15 0.236819508562
16 0.177195309229
  Sym=  None
  Ene=      -0.537096603296
  Spin= Alpha
  Occup=    2.0
4 0.0859019233974
5 -0.0806493887358
6 -0.401389572374
7 1.63547994592e-13
8 -6.40691810318e-14
9 -0.44486901494
10 1.35488842368e-13
11 -7.24690953035e-14
12 -0.511916808994
13 0.129720471552
14 0.0997500415293
15 0.129720471552
16 0.0997500415288
  Sym=  None
  Ene=      -0.479138843967
  Spin= Alpha
  Occup=    2.0
4 -1.42996094193e-14
5 5.88359971355e-15
6 4.91975585881e-14
7 -2.51454103701e-16
8 -0.520363805074
9 5.68275921248e-14
10 -5.29868365576e-16
11 -0.632974804059
12 7.09615736823e-14
13 -5.81835462858e-15
14 6.13310944515e-15
15 -5.70130670582e-15
16 4.71762110621e-15
  Sym=  None
  Ene=      0.269977817272
  Spin= Alpha
  Occup=    2.0
4 0.111279363924
5 -0.034360833836
6 -1.07260824108
7 -3.63646612822e-13
8 8.13328003575e-15
9 0.201324570093
10 -8.51346770858e-13
11 2.1517378583e-14
12 0.457161816652
13 0.0436711050095
14 0.875075349999
15 0.0436711050093
16 0.875075349996
  Sym=  None
  Ene=      0.36810638988
  Spin= Alpha
  Occup=    0.0
4 -2.0348219637e-13
5 -6.07153216592e-15
6 1.64201985342e-12
7 -0.298179349842
8 -3.01455412013e-16
9 -1.98709104726e-13
10 -0.779112235036
11 2.28317135207e-17
12 -4.75439132508e-13
13 0.0295867757954
14 1.20098246332
15 -0.0295867757955
16 -1.20098246332
  Sym=  None
  Ene=      1.21312041811
  Spin= Alpha
  Occup=    0.0
4 2.62476672341e-14
5 -1.35454147898e-13
6 6.08679773251e-14
7 -0.176664671383
8 1.68584751853e-16
9 1.74044806345e-13
10 -0.523690199342
11 4.50205578778e-16
12 3.25135751655e-13
13 0.976742588547
14 -0.639852714668
15 -0.976742588546
16 0.639852714667
  Sym=  None
  Ene=      1.32472807761
  Spin= Alpha
  Occup=    0.0
4 0.072800630201
5 -0.0931833723694
6 -0.177860889792
7 3.86080056813e-14
8 -1.09482199936e-14
9 0.262868298397
10 6.779438122e-13
11 1.83168911229e-14
12 0.340758604857
13 0.999308351526
14 -0.46413723368
15 0.999308351528
16 -0.464137233681
  Sym=  None
  Ene=      1.78352558611
  Spin= Alpha
  Occup=    0.0
4 -1.8554010133e-15
5 -2.72641875356e-14
6 3.56220692688e-14
7 -1.80392891431e-17
8 -1.02974158161
9 -6.22802743429e-14
10 -1.42915756804e-16
11 0.964618635502
12 5.33765416319e-14
13 -4.87490298538e-15
14 1.14457080708e-15
15 -5.3235372363e-15
16 1.57497510058e-15
  Sym=  None
  Ene=      1.85995828539
  Spin= Alpha
  Occup=    0.0
4 0.0393323892929
5 -0.119465380622
6 -0.202112742605
7 -4.84295329534e-13
8 6.25390981877e-14
9 -1.01490699601
10 7.47198310169e-13
11 -5.64388482222e-14
12 1.15116193997
13 0.243570297133
14 0.107452222751
15 0.243570297133
16 0.107452222752
  Sym=  None
  Ene=      2.01510054357
  Spin= Alpha
  Occup=    0.0
4 -8.45902124388e-14
5 -3.57196910938e-13
6 9.14227027415e-13
7 -1.06890247123
8 3.91070080019e-16
9 5.04537817775e-13
10 1.40573067411
11 8.91627900023e-17
12 -7.80263006983e-13
13 -0.120156188819
14 -0.537638638397
15 0.120156188818
16 0.537638638397
  Sym=  None
  Ene=      3.11717262237
  Spin= Alpha
  Occup=    0.0
4 0.0847530408521
5 -1.64682448349
6 2.02475676236
7 3.8834408779e-13
8 1.99113351799e-14
9 0.146520477837
10 -3.30026804496e-13
11 -1.20739994876e-14
12 -0.487527800537
13 -0.282431544351
14 -0.373603563245
15 -0.282431544351
16 -0.373603563246
