[Energy] 
E_elec: -76.2323550482
E_nuc: 5.30971906967
E_tot: -70.9226359785
SCF Details
Eigen: True
Step: 0 -76.2307370462
Step: 1 -76.2323541277
Step: 2 -76.232355047
Step: 3 -76.2323550482
[CM] 
C AO times MO
  0     1     2     3     4     5     6     7     8     9     10     11     12     13     14     15     16     17     
0 0.0765489263502 -0.0226916028761 0.00594507417979 8.32356680362e-17 -1.77438454273e-16 0.0078186328313 -9.27413075157e-18 -8.98331641645e-18 0.0123807943783 0.00461304255578 0.00764471549823 0.00181040164305 1.35166915271e-17 3.21566165508e-19 0.000581366629557 -0.0536203883874 0.0631246109174 1.28576853908 
1 0.414837001742 -0.142615596768 0.036906805668 3.4343649314e-16 -9.50218643909e-16 0.0509264453291 -1.20095076393e-17 -9.77327094895e-17 0.0844250895871 0.0346013992238 0.0517955496408 0.012228470748 -3.25749021399e-17 -3.53605923433e-17 0.00381536243548 -0.161901517036 1.68530929423 -1.44635874792 
2 0.628470759472 -0.333026220317 0.0954946950976 2.6286266656e-15 -4.2112462022e-15 0.115480509 -5.5438373993e-16 2.20645040691e-16 0.144719765827 0.0160304107585 0.0994753598724 0.0324678417629 1.4490520265e-15 2.85266608638e-16 0.00804241162103 -4.3452953026 -6.87684914855 2.6167042016 
3 0.0198634362618 -0.0092844671995 0.0140441380491 1.85841178216e-15 -2.21312283299e-15 -0.0146939359138 -5.41606918871e-16 5.28616461275e-16 -0.0915588529833 -0.0987744503213 -0.0474882126157 0.00283730835725 1.84109235374e-15 3.48821075207e-16 -0.00584003621077 -5.73939887612 -6.08227297947 2.12926691749 
4 0.0646812049245 0.831311443378 -0.217135951744 -2.37632164988e-15 5.48548706307e-15 -0.615031677876 3.31970747413e-16 1.3474850017e-15 -1.264557831 -0.697887213994 -0.946306626077 -0.178354015897 8.74199164566e-16 2.39709813431e-16 -0.12057790929 -2.12178794682 -0.995780380435 0.32150893619 
5 -0.0235266604635 0.281062866631 -0.0724684114451 -4.83496817828e-16 2.63073326135e-15 0.358759451224 -1.53890625596e-16 -1.21461868012e-15 1.22614591664 1.01328980565 1.5005113847 0.0526733428477 -5.88795490887e-16 -2.88367045182e-16 0.269993088196 1.03265661956 0.411005002494 -0.133996255382 
6 -6.05905119696e-17 1.3239708659e-16 -1.13954997206e-15 0.366400633597 0.096044663707 -8.62312188652e-17 -0.119871226339 -0.245884705702 -2.10646022033e-16 2.84642528032e-16 3.72601068144e-17 7.95346497816e-16 1.12582300971 -0.268069050264 2.39573459769e-15 1.16305312631e-15 8.02891062019e-16 -3.47978266612e-16 
7 -8.96006581476e-17 6.96637615732e-16 1.36627201539e-14 -0.096044663707 0.366400633597 -1.19477026668e-16 0.245884705702 -0.119871226339 4.32467178101e-17 -3.64403836581e-16 1.18385929778e-16 -4.83113234217e-16 0.268069050264 1.12582300971 7.8076130511e-16 6.90094000875e-16 1.27245500333e-15 -3.67406248543e-16 
8 -0.000879367748433 -0.0798622984327 -0.360333154 -4.81311781234e-15 1.20691642895e-14 0.18080941891 5.41928371095e-16 2.12334390773e-16 -0.164686747882 0.138294458341 0.0917703135462 -0.11677928269 2.63319105389e-15 1.8886695417e-16 -1.15509368099 -0.0198496497126 -0.00704184782755 0.00224170867828 
9 6.77680511725e-17 1.67700886897e-16 -2.24611775289e-15 0.690409895292 0.180977269505 1.10147419721e-16 -0.248234870891 -0.50918940298 -9.2609372234e-16 1.77409027077e-17 -1.06892309341e-16 -1.0217344733e-15 -1.38197449199 0.329061128045 -2.95584589493e-15 -1.60479143221e-15 -1.5909306e-15 6.45594556263e-16 
10 -1.4742196497e-17 9.3039783311e-16 2.51067136604e-14 -0.180977269505 0.690409895292 -2.84343920585e-17 0.50918940298 -0.248234870891 6.82657209716e-16 1.42137152678e-17 -5.62392919818e-16 4.95146089389e-16 -0.329061128045 -1.38197449199 -1.03198047957e-15 -1.44250037207e-16 -1.36928530271e-16 4.3817907784e-17 
11 -0.0014439232844 -0.17223608057 -0.694934086729 -7.40177720795e-15 2.29820702996e-14 0.291212483171 9.69187539994e-16 -3.0268630832e-18 -0.33344076279 0.413650287758 0.109145972786 0.242032719989 -3.47851301559e-15 -2.86418701516e-16 1.45841994605 0.0714575142035 0.0268935070172 -0.00879777169283 
12 -2.15754813384e-17 5.12866475126e-17 -4.52630738611e-17 0.0450240208808 0.0118021546573 -8.98933459429e-17 0.540928195957 1.10957378456 1.63266515149e-15 -3.06036439346e-16 -1.57153691798e-17 5.36944581891e-16 0.728412098635 -0.173441773526 1.47229874943e-15 6.90950694327e-16 5.48260113387e-16 -2.0617327691e-16 
13 9.04543442537e-18 -5.16890870111e-18 1.39191027748e-15 -0.0118021546573 0.0450240208808 8.5967307415e-16 -1.10957378456 0.540928195957 -1.18920280575e-15 3.75600797843e-16 5.82458647989e-16 -3.02950560196e-16 0.173441773526 0.728412098635 4.98126912942e-16 -3.02606334418e-17 -6.5268672964e-17 3.33833282511e-17 
14 0.00308404297999 -0.0248688925235 -0.0301212729807 -8.12188915863e-16 1.00064853833e-15 -0.31274029872 -2.14393392685e-15 -4.04720073333e-16 0.693038354715 -1.42337459983 -0.43894299091 0.0874522481861 1.721860288e-15 4.68212659207e-16 -0.941161607858 -0.143062367369 -0.0550744620679 0.0181862496779 
15 0.000729911876565 0.0163609097093 0.0198556010098 3.61056920964e-16 -8.09497435176e-16 0.175488383034 6.03630844501e-17 6.48541807298e-17 -0.0312769400615 -0.133830109806 0.0907312587754 -1.33760030132 1.34775536103e-15 -7.78869913969e-16 0.154373966698 -0.04800972279 -0.0135678443307 0.00460959219594 
16 0.000747497434785 0.0155452040035 0.034915560358 5.98681847532e-16 -1.56579524301e-15 0.628277101945 -8.77440216616e-17 -3.91088061997e-16 -0.187841194285 -1.46113872779 0.250325269517 1.63287369711 -1.67690635989e-15 1.61961887415e-15 -0.299377719674 -0.00586637108362 -0.00964143784462 0.00343045115721 
17 0.00431658118551 -0.0260815613409 -0.00323186075305 -6.6855393478e-16 -2.53731224853e-16 0.0185967803795 -7.03029142898e-16 2.0893253552e-16 0.280251118415 0.474816355501 -1.5004938661 -0.738118424497 1.21413643125e-15 -8.55142076462e-16 -0.115762955357 -0.22381933746 -0.079677125953 0.0259546789602 
[DM] 
D 
  0     1     2     3     4     5     6     7     8     9     10     11     12     13     14     15     16     17     
0 0.00585973812536 0.0317553270937 0.04810876188 0.00152052471947 0.00495127679201 -0.00180094059909 -4.63813863828e-18 -6.85883418147e-18 -6.73146570095e-05 5.1875715581e-18 -1.12849931389e-18 -0.000110530777153 -1.65157993195e-18 6.92418293633e-19 0.000236080178936 5.58739704813e-05 5.72201260823e-05 0.000330429655255 
1 0.0317553270937 0.172089738014 0.260712925542 0.00824008834314 0.02683215712 -0.00975972928769 -2.51351863195e-17 -3.71696683801e-17 -0.000364794280188 2.81126951623e-17 -6.1156085939e-18 -0.000598992806047 -8.95030798958e-18 3.75238089648e-18 0.00127937514306 0.00030279445441 0.000310089594656 0.00179067759678 
2 0.04810876188 0.260712925542 0.394975495511 0.0124835888732 0.0406502459825 -0.0147858181693 -3.80793650743e-17 -5.63113936752e-17 -0.000552656916712 4.25902385883e-17 -9.26503942874e-18 -0.000907463563167 -1.35595591427e-17 5.68479104307e-18 0.00193823083388 0.000458728271412 0.000469780280543 0.00271284505598 
3 0.00152052471947 0.00824008834314 0.0124835888732 0.000394556100127 0.00128479099136 -0.00046732032057 -1.20353577258e-18 -1.77977696213e-18 -1.74672652217e-05 1.34610636505e-18 -2.92830680477e-19 -2.86812781267e-05 -4.28563198384e-19 1.79673410169e-19 6.12596911618e-05 1.44985580369e-05 1.48478676517e-05 8.57421352474e-05 
4 0.00495127679201 0.02683215712 0.0406502459825 0.00128479099136 0.00418365827049 -0.00152173274663 -3.91906732119e-18 -5.79547853102e-18 -5.68785655404e-05 4.38331920523e-18 -9.53543032659e-19 -9.33946978537e-05 -1.3955281298e-18 5.85069597699e-19 0.000199479615985 4.7211579665e-05 4.83490347599e-05 0.000279201672234 
5 -0.00180094059909 -0.00975972928769 -0.0147858181693 -0.00046732032057 -0.00152173274663 0.000553503752565 1.42549240242e-18 2.10800426155e-18 2.06885864399e-05 -1.59435593021e-18 3.46834651471e-19 3.39706928475e-05 5.07599023786e-19 -2.12808864471e-19 -7.25572320452e-05 -1.71723888882e-05 -1.75861183455e-05 -0.000101554739915 
6 -4.63813863828e-18 -2.51351863195e-17 -3.80793650743e-17 -1.20353577258e-18 -3.91906732119e-18 1.42549240242e-18 3.67121014073e-33 5.42894974997e-33 5.3281342087e-20 -4.10610091572e-33 8.93237233308e-34 8.74880510467e-20 1.30726946029e-33 -5.4806750282e-34 -1.86863743094e-19 -4.42257342937e-20 -4.52912522696e-20 -2.61543863988e-19 
7 -6.85883418147e-18 -3.71696683801e-17 -5.63113936752e-17 -1.77977696213e-18 -5.79547853102e-18 2.10800426155e-18 5.42894974997e-33 8.02827794048e-33 7.87919290133e-20 -6.07206198644e-33 1.32091050867e-33 1.29376476597e-19 1.93317732778e-33 -8.10476877744e-34 -2.76332280763e-19 -6.54005845299e-20 -6.69762621204e-20 -3.8676851517e-19 
8 -6.73146570095e-05 -0.000364794280188 -0.000552656916712 -1.74672652217e-05 -5.68785655404e-05 2.06885864399e-05 5.3281342087e-20 7.87919290133e-20 7.73287636983e-07 -5.95930385752e-20 1.29638121405e-20 1.26973956751e-06 1.89727824459e-20 -7.95426330424e-21 -2.71200793139e-06 -6.41860963449e-07 -6.57325136186e-07 -3.79586227803e-06 
9 5.1875715581e-18 2.81126951623e-17 4.25902385883e-17 1.34610636505e-18 4.38331920523e-18 -1.59435593021e-18 -4.10610091572e-33 -6.07206198644e-33 -5.95930385752e-20 4.59250875972e-33 -9.99049926603e-34 -9.78518670266e-20 -1.46212832342e-33 6.12991463016e-34 2.08999582487e-19 4.94647054025e-20 5.06564444119e-20 2.9252629467e-19 
10 -1.12849931389e-18 -6.1156085939e-18 -9.26503942874e-18 -2.92830680477e-19 -9.53543032659e-19 3.46834651471e-19 8.93237233308e-34 1.32091050867e-33 1.29638121405e-20 -9.99049926603e-34 2.17332357556e-34 2.12866007852e-20 3.18069985408e-34 -1.33349571699e-34 -4.54655676162e-20 -1.07605043098e-20 -1.10197540646e-20 -6.36358880321e-20 
11 -0.000110530777153 -0.000598992806047 -0.000907463563167 -2.86812781267e-05 -9.33946978537e-05 3.39706928475e-05 8.74880510467e-20 1.29376476597e-19 1.26973956751e-06 -9.78518670266e-20 2.12866007852e-20 2.08491445124e-06 3.11533398768e-20 -1.30609133843e-20 -4.45312146891e-06 -1.05393675413e-06 -1.07932895112e-06 -6.23281208278e-06 
12 -1.65157993195e-18 -8.95030798958e-18 -1.35595591427e-17 -4.28563198384e-19 -1.3955281298e-18 5.07599023786e-19 1.30726946029e-33 1.93317732778e-33 1.89727824459e-20 -1.46212832342e-33 3.18069985408e-34 3.11533398768e-20 4.65501394986e-34 -1.95159601643e-34 -6.65397117618e-20 -1.57482000715e-20 -1.61276169547e-20 -9.3132316814e-20 
13 6.92418293633e-19 3.75238089648e-18 5.68479104307e-18 1.79673410169e-19 5.85069597699e-19 -2.12808864471e-19 -5.4806750282e-34 -8.10476877744e-34 -7.95426330424e-21 6.12991463016e-34 -1.33349571699e-34 -1.30609133843e-20 -1.95159601643e-34 8.18198839437e-35 2.78965085406e-20 6.60237001577e-21 6.76143902948e-21 3.90453520554e-20 
14 0.000236080178936 0.00127937514306 0.00193823083388 6.12596911618e-05 0.000199479615985 -7.25572320452e-05 -1.86863743094e-19 -2.76332280763e-19 -2.71200793139e-06 2.08999582487e-19 -4.54655676162e-20 -4.45312146891e-06 -6.65397117618e-20 2.78965085406e-20 9.51132110245e-06 2.25107959893e-06 2.30531421631e-06 1.33125219028e-05 
15 5.58739704813e-05 0.00030279445441 0.000458728271412 1.44985580369e-05 4.7211579665e-05 -1.71723888882e-05 -4.42257342937e-20 -6.54005845299e-20 -6.41860963449e-07 4.94647054025e-20 -1.07605043098e-20 -1.05393675413e-06 -1.57482000715e-20 6.60237001577e-21 2.25107959893e-06 5.3277134755e-07 5.45607255352e-07 3.15072387346e-06 
16 5.72201260823e-05 0.000310089594656 0.000469780280543 1.48478676517e-05 4.83490347599e-05 -1.75861183455e-05 -4.52912522696e-20 -6.69762621204e-20 -6.57325136186e-07 5.06564444119e-20 -1.10197540646e-20 -1.07932895112e-06 -1.61276169547e-20 6.76143902948e-21 2.30531421631e-06 5.45607255352e-07 5.5875241501e-07 3.22663336321e-06 
17 0.000330429655255 0.00179067759678 0.00271284505598 8.57421352474e-05 0.000279201672234 -0.000101554739915 -2.61543863988e-19 -3.8676851517e-19 -3.79586227803e-06 2.9252629467e-19 -6.36358880321e-20 -6.23281208278e-06 -9.3132316814e-20 3.90453520554e-20 1.33125219028e-05 3.15072387346e-06 3.22663336321e-06 1.86328731311e-05 
[MOE] 
MOE 
0 -35.4314451289
1 -7.39868506009
2 -6.77429076912
3 -6.73010294449
4 -6.73010294449
5 -3.86214142477
6 -3.15381680054
7 -3.15381680054
8 -3.08625685444
9 -2.69648341611
10 -2.04836086206
11 1.03762318103
12 2.38385361384
13 2.38385361384
14 2.4748051431
15 9.30120279757
16 63.729144828
17 466.110829711
[INPUT] 
mol = [(9,(0.0,0.0,0.12532478)),
(1,(0.0,0.0,-1.56968015)),
basis = [[(0,0,0),329.628769187,55.1351961353,(0.0,0.0,0.12532478)],
[(0,0,0),49.3076493043,13.2615966898,(0.0,0.0,0.12532478)],
[(0,0,0),11.2825631604,4.38748780424,(0.0,0.0,0.12532478)],
[(0,0,0),7.63649299113,-3.27401421245,(0.0,0.0,0.12532478)],
[(0,0,0),1.57505739885,1.00203382295,(0.0,0.0,0.12532478)],
[(0,0,0),0.495380916632,0.420837610993,(0.0,0.0,0.12532478)],
[(1,0,0),6.4648032,14.693803367,(0.0,0.0,0.12532478)],
[(0,1,0),6.4648032,14.693803367,(0.0,0.0,0.12532478)],
[(0,0,1),6.46539880965,14.6954955824,(0.0,0.0,0.12532478)],
[(1,0,0),1.5022812,2.3707138034,(0.0,0.0,0.12532478)],
[(0,1,0),1.5022812,2.3707138034,(0.0,0.0,0.12532478)],
[(0,0,1),1.50208291223,2.37032266842,(0.0,0.0,0.12532478)],
[(1,0,0),0.4885885,0.582262926368,(0.0,0.0,0.12532478)],
[(0,1,0),0.4885885,0.582262926368,(0.0,0.0,0.12532478)],
[(0,0,1),0.48833340498,0.581882947414,(0.0,0.0,0.12532478)],
[(0,0,0),3.4253317548,1.79447359723,(0.0,0.0,-1.56968015)],
[(0,0,0),0.623909224922,0.500323782808,(0.0,0.0,-1.56968015)],
[(0,0,0),0.168862022842,0.187740981001,(0.0,0.0,-1.56968015)],
[Atoms]
F 1 9 0.0 0.0 0.12532478
H 2 1 0.0 0.0 -1.56968015
XX 3 0 0.0 0.0 0.12532478
XX 4 0 0.0 0.0 0.12532478
XX 5 0 0.0 0.0 0.12532478
XX 6 0 0.0 0.0 0.12532478
XX 7 0 0.0 0.0 0.12532478
XX 8 0 0.0 0.0 0.12532478
XX 9 0 0.0 0.0 0.12532478
XX 10 0 0.0 0.0 0.12532478
XX 11 0 0.0 0.0 0.12532478
XX 12 0 0.0 0.0 0.12532478
XX 13 0 0.0 0.0 0.12532478
XX 14 0 0.0 0.0 0.12532478
XX 15 0 0.0 0.0 0.12532478
XX 16 0 0.0 0.0 0.12532478
XX 17 0 0.0 0.0 0.12532478
XX 18 0 0.0 0.0 -1.56968015
XX 19 0 0.0 0.0 -1.56968015
XX 20 0 0.0 0.0 -1.56968015
[GTO]
  3  0
 p   1 1.0 0 0 0
  329.628769187 55.1351961353
 
  4  0
 p   1 1.0 0 0 0
  49.3076493043 13.2615966898
 
  5  0
 p   1 1.0 0 0 0
  11.2825631604 4.38748780424
 
  6  0
 p   1 1.0 0 0 0
  7.63649299113 -3.27401421245
 
  7  0
 p   1 1.0 0 0 0
  1.57505739885 1.00203382295
 
  8  0
 p   1 1.0 0 0 0
  0.495380916632 0.420837610993
 
  9  0
 p   1 1.0 1 0 0
  6.4648032 14.693803367
 
  10  0
 p   1 1.0 0 1 0
  6.4648032 14.693803367
 
  11  0
 p   1 1.0 0 0 1
  6.46539880965 14.6954955824
 
  12  0
 p   1 1.0 1 0 0
  1.5022812 2.3707138034
 
  13  0
 p   1 1.0 0 1 0
  1.5022812 2.3707138034
 
  14  0
 p   1 1.0 0 0 1
  1.50208291223 2.37032266842
 
  15  0
 p   1 1.0 1 0 0
  0.4885885 0.582262926368
 
  16  0
 p   1 1.0 0 1 0
  0.4885885 0.582262926368
 
  17  0
 p   1 1.0 0 0 1
  0.48833340498 0.581882947414
 
  18  0
 p   1 1.0 0 0 0
  3.4253317548 1.79447359723
 
  19  0
 p   1 1.0 0 0 0
  0.623909224922 0.500323782808
 
  20  0
 p   1 1.0 0 0 0
  0.168862022842 0.187740981001
 
[MO]
  Sym=  None
  Ene=      -35.4314451289
  Spin= Alpha
  Occup=    2.0
3 0.0765489263502
4 0.414837001742
5 0.628470759472
6 0.0198634362618
7 0.0646812049245
8 -0.0235266604635
9 -6.05905119696e-17
10 -8.96006581476e-17
11 -0.000879367748433
12 6.77680511725e-17
13 -1.4742196497e-17
14 -0.0014439232844
15 -2.15754813384e-17
16 9.04543442537e-18
17 0.00308404297999
18 0.000729911876565
19 0.000747497434785
20 0.00431658118551
  Sym=  None
  Ene=      -7.39868506009
  Spin= Alpha
  Occup=    2.0
3 -0.0226916028761
4 -0.142615596768
5 -0.333026220317
6 -0.0092844671995
7 0.831311443378
8 0.281062866631
9 1.3239708659e-16
10 6.96637615732e-16
11 -0.0798622984327
12 1.67700886897e-16
13 9.3039783311e-16
14 -0.17223608057
15 5.12866475126e-17
16 -5.16890870111e-18
17 -0.0248688925235
18 0.0163609097093
19 0.0155452040035
20 -0.0260815613409
  Sym=  None
  Ene=      -6.77429076912
  Spin= Alpha
  Occup=    0.0
3 0.00594507417979
4 0.036906805668
5 0.0954946950976
6 0.0140441380491
7 -0.217135951744
8 -0.0724684114451
9 -1.13954997206e-15
10 1.36627201539e-14
11 -0.360333154
12 -2.24611775289e-15
13 2.51067136604e-14
14 -0.694934086729
15 -4.52630738611e-17
16 1.39191027748e-15
17 -0.0301212729807
18 0.0198556010098
19 0.034915560358
20 -0.00323186075305
  Sym=  None
  Ene=      -6.73010294449
  Spin= Alpha
  Occup=    0.0
3 8.32356680362e-17
4 3.4343649314e-16
5 2.6286266656e-15
6 1.85841178216e-15
7 -2.37632164988e-15
8 -4.83496817828e-16
9 0.366400633597
10 -0.096044663707
11 -4.81311781234e-15
12 0.690409895292
13 -0.180977269505
14 -7.40177720795e-15
15 0.0450240208808
16 -0.0118021546573
17 -8.12188915863e-16
18 3.61056920964e-16
19 5.98681847532e-16
20 -6.6855393478e-16
  Sym=  None
  Ene=      -6.73010294449
  Spin= Alpha
  Occup=    0.0
3 -1.77438454273e-16
4 -9.50218643909e-16
5 -4.2112462022e-15
6 -2.21312283299e-15
7 5.48548706307e-15
8 2.63073326135e-15
9 0.096044663707
10 0.366400633597
11 1.20691642895e-14
12 0.180977269505
13 0.690409895292
14 2.29820702996e-14
15 0.0118021546573
16 0.0450240208808
17 1.00064853833e-15
18 -8.09497435176e-16
19 -1.56579524301e-15
20 -2.53731224853e-16
  Sym=  None
  Ene=      -3.86214142477
  Spin= Alpha
  Occup=    0.0
3 0.0078186328313
4 0.0509264453291
5 0.115480509
6 -0.0146939359138
7 -0.615031677876
8 0.358759451224
9 -8.62312188652e-17
10 -1.19477026668e-16
11 0.18080941891
12 1.10147419721e-16
13 -2.84343920585e-17
14 0.291212483171
15 -8.98933459429e-17
16 8.5967307415e-16
17 -0.31274029872
18 0.175488383034
19 0.628277101945
20 0.0185967803795
  Sym=  None
  Ene=      -3.15381680054
  Spin= Alpha
  Occup=    0.0
3 -9.27413075157e-18
4 -1.20095076393e-17
5 -5.5438373993e-16
6 -5.41606918871e-16
7 3.31970747413e-16
8 -1.53890625596e-16
9 -0.119871226339
10 0.245884705702
11 5.41928371095e-16
12 -0.248234870891
13 0.50918940298
14 9.69187539994e-16
15 0.540928195957
16 -1.10957378456
17 -2.14393392685e-15
18 6.03630844501e-17
19 -8.77440216616e-17
20 -7.03029142898e-16
  Sym=  None
  Ene=      -3.15381680054
  Spin= Alpha
  Occup=    0.0
3 -8.98331641645e-18
4 -9.77327094895e-17
5 2.20645040691e-16
6 5.28616461275e-16
7 1.3474850017e-15
8 -1.21461868012e-15
9 -0.245884705702
10 -0.119871226339
11 2.12334390773e-16
12 -0.50918940298
13 -0.248234870891
14 -3.0268630832e-18
15 1.10957378456
16 0.540928195957
17 -4.04720073333e-16
18 6.48541807298e-17
19 -3.91088061997e-16
20 2.0893253552e-16
  Sym=  None
  Ene=      -3.08625685444
  Spin= Alpha
  Occup=    0.0
3 0.0123807943783
4 0.0844250895871
5 0.144719765827
6 -0.0915588529833
7 -1.264557831
8 1.22614591664
9 -2.10646022033e-16
10 4.32467178101e-17
11 -0.164686747882
12 -9.2609372234e-16
13 6.82657209716e-16
14 -0.33344076279
15 1.63266515149e-15
16 -1.18920280575e-15
17 0.693038354715
18 -0.0312769400615
19 -0.187841194285
20 0.280251118415
  Sym=  None
  Ene=      -2.69648341611
  Spin= Alpha
  Occup=    0.0
3 0.00461304255578
4 0.0346013992238
5 0.0160304107585
6 -0.0987744503213
7 -0.697887213994
8 1.01328980565
9 2.84642528032e-16
10 -3.64403836581e-16
11 0.138294458341
12 1.77409027077e-17
13 1.42137152678e-17
14 0.413650287758
15 -3.06036439346e-16
16 3.75600797843e-16
17 -1.42337459983
18 -0.133830109806
19 -1.46113872779
20 0.474816355501
  Sym=  None
  Ene=      -2.04836086206
  Spin= Alpha
  Occup=    0.0
3 0.00764471549823
4 0.0517955496408
5 0.0994753598724
6 -0.0474882126157
7 -0.946306626077
8 1.5005113847
9 3.72601068144e-17
10 1.18385929778e-16
11 0.0917703135462
12 -1.06892309341e-16
13 -5.62392919818e-16
14 0.109145972786
15 -1.57153691798e-17
16 5.82458647989e-16
17 -0.43894299091
18 0.0907312587754
19 0.250325269517
20 -1.5004938661
  Sym=  None
  Ene=      1.03762318103
  Spin= Alpha
  Occup=    0.0
3 0.00181040164305
4 0.012228470748
5 0.0324678417629
6 0.00283730835725
7 -0.178354015897
8 0.0526733428477
9 7.95346497816e-16
10 -4.83113234217e-16
11 -0.11677928269
12 -1.0217344733e-15
13 4.95146089389e-16
14 0.242032719989
15 5.36944581891e-16
16 -3.02950560196e-16
17 0.0874522481861
18 -1.33760030132
19 1.63287369711
20 -0.738118424497
  Sym=  None
  Ene=      2.38385361384
  Spin= Alpha
  Occup=    0.0
3 1.35166915271e-17
4 -3.25749021399e-17
5 1.4490520265e-15
6 1.84109235374e-15
7 8.74199164566e-16
8 -5.88795490887e-16
9 1.12582300971
10 0.268069050264
11 2.63319105389e-15
12 -1.38197449199
13 -0.329061128045
14 -3.47851301559e-15
15 0.728412098635
16 0.173441773526
17 1.721860288e-15
18 1.34775536103e-15
19 -1.67690635989e-15
20 1.21413643125e-15
  Sym=  None
  Ene=      2.38385361384
  Spin= Alpha
  Occup=    0.0
3 3.21566165508e-19
4 -3.53605923433e-17
5 2.85266608638e-16
6 3.48821075207e-16
7 2.39709813431e-16
8 -2.88367045182e-16
9 -0.268069050264
10 1.12582300971
11 1.8886695417e-16
12 0.329061128045
13 -1.38197449199
14 -2.86418701516e-16
15 -0.173441773526
16 0.728412098635
17 4.68212659207e-16
18 -7.78869913969e-16
19 1.61961887415e-15
20 -8.55142076462e-16
  Sym=  None
  Ene=      2.4748051431
  Spin= Alpha
  Occup=    0.0
3 0.000581366629557
4 0.00381536243548
5 0.00804241162103
6 -0.00584003621077
7 -0.12057790929
8 0.269993088196
9 2.39573459769e-15
10 7.8076130511e-16
11 -1.15509368099
12 -2.95584589493e-15
13 -1.03198047957e-15
14 1.45841994605
15 1.47229874943e-15
16 4.98126912942e-16
17 -0.941161607858
18 0.154373966698
19 -0.299377719674
20 -0.115762955357
  Sym=  None
  Ene=      9.30120279757
  Spin= Alpha
  Occup=    0.0
3 -0.0536203883874
4 -0.161901517036
5 -4.3452953026
6 -5.73939887612
7 -2.12178794682
8 1.03265661956
9 1.16305312631e-15
10 6.90094000875e-16
11 -0.0198496497126
12 -1.60479143221e-15
13 -1.44250037207e-16
14 0.0714575142035
15 6.90950694327e-16
16 -3.02606334418e-17
17 -0.143062367369
18 -0.04800972279
19 -0.00586637108362
20 -0.22381933746
  Sym=  None
  Ene=      63.729144828
  Spin= Alpha
  Occup=    0.0
3 0.0631246109174
4 1.68530929423
5 -6.87684914855
6 -6.08227297947
7 -0.995780380435
8 0.411005002494
9 8.02891062019e-16
10 1.27245500333e-15
11 -0.00704184782755
12 -1.5909306e-15
13 -1.36928530271e-16
14 0.0268935070172
15 5.48260113387e-16
16 -6.5268672964e-17
17 -0.0550744620679
18 -0.0135678443307
19 -0.00964143784462
20 -0.079677125953
  Sym=  None
  Ene=      466.110829711
  Spin= Alpha
  Occup=    0.0
3 1.28576853908
4 -1.44635874792
5 2.6167042016
6 2.12926691749
7 0.32150893619
8 -0.133996255382
9 -3.47978266612e-16
10 -3.67406248543e-16
11 0.00224170867828
12 6.45594556263e-16
13 4.3817907784e-17
14 -0.00879777169283
15 -2.0617327691e-16
16 3.33833282511e-17
17 0.0181862496779
18 0.00460959219594
19 0.00343045115721
20 0.0259546789602
