[Energy] 
E_elec: -76.2904379357
E_nuc: 5.30971906967
E_tot: -70.9807188661
SCF Details
Eigen: True
Step: 0 -76.2875470715
Step: 1 -76.2904367027
Step: 2 -76.2904379349
Step: 3 -76.2904379357
[CM] 
C AO times MO
  0     1     2     3     4     5     6     7     8     9     10     11     12     13     14     15     16     17     
0 0.0639286222268 0.0189656711848 0.00498269271985 6.06300866044e-18 -1.20316027586e-16 -0.00648206153782 -5.10190869075e-17 9.10037490738e-18 -0.010517330217 0.00486662255289 -0.00721806342184 0.00164348091354 5.95397492396e-19 -5.67625308842e-18 0.000497571069645 -0.0717216306948 0.0119657314666 1.54114325688 
1 0.250245926458 0.0835409470047 0.0215916871599 6.42636658624e-17 -5.29360344385e-16 -0.0299525729053 -2.53324432971e-16 4.05483941081e-17 -0.0509807595269 0.0259851975159 -0.0351389396606 0.00717359577875 6.47786625691e-17 6.5866748384e-17 0.00273008186637 -0.0356819701187 1.87032445862 -1.94727408114 
2 0.439710076463 0.174485317397 0.0477852863191 -5.87067773112e-17 -1.28918580362e-15 -0.0584656013464 -3.83448509041e-16 9.8837879151e-17 -0.0873623932596 0.0313938789895 -0.060611832134 0.0185553531929 -1.33101906904e-16 -3.50193915758e-16 0.00311767213739 -2.34270798517 -3.65621258532 1.80931562998 
3 -0.336626795159 -0.22602620315 -0.0559811058065 -2.53247008499e-16 1.06430075183e-15 0.0986530925092 1.0224205061e-15 -1.28293672725e-16 0.187244532234 -0.113839346166 0.13407146999 -0.020195543831 -4.0584397377e-16 -6.65689656863e-16 -0.0139158477218 -3.16518644378 -2.50521500178 1.06250924975 
4 0.0780901011943 -0.785723275817 -0.209520381509 -2.85523633365e-16 4.5098870939e-15 0.568114512843 6.23882036534e-15 -8.70792225842e-16 1.15771087895 -0.728448066009 0.977220115578 -0.1732758117 -1.48263682635e-15 -1.86885902724e-15 -0.117508718031 -1.4537190896 -0.605580687438 0.242061961618 
5 -0.0285176816415 -0.350548228852 -0.0886214851704 -2.8377917889e-16 2.795817466e-15 -0.287204222153 -6.59371168815e-15 6.10912906533e-16 -1.04310871043 1.00150693355 -1.49889701329 0.0420887592874 2.45265307113e-15 3.89386643719e-15 0.260855685282 0.72497393185 0.273519120152 -0.109860025514 
6 7.95754702242e-18 3.34241285956e-16 -1.03288402798e-14 0.0360118769115 -0.37669496745 -5.30893609288e-17 -0.212807916692 -0.171563658655 3.48104283552e-16 -7.99306730746e-16 4.82466518997e-17 -1.02094044835e-15 1.0795530892 0.417479031181 -1.70385033104e-14 -9.6302168922e-16 -9.14912680691e-16 6.02843692136e-16 
7 -4.68532309127e-17 -4.11243531737e-16 1.51479660932e-15 0.37669496745 0.0360118769115 2.28083011357e-16 0.171563658655 -0.212807916692 -1.30620071167e-15 1.22720609473e-16 -2.33882706504e-16 2.45124965208e-16 0.417479031181 -1.0795530892 1.49249007412e-14 9.02101666888e-16 7.45179982592e-16 -1.90673551915e-16 
8 -0.000760355509251 0.0804664496857 -0.35983966475 4.29908630242e-16 1.03178310824e-14 -0.182303542919 8.04459597868e-16 -6.23157048975e-16 0.171745817073 0.126282458471 -0.0929095650926 -0.117005533131 -1.05022425152e-14 -1.94718723022e-14 -1.15479534529 -0.0141504596282 -0.00500526288049 0.00200730550263 
9 -1.59366200211e-17 5.84884380013e-16 -2.01480064493e-14 0.0679455657439 -0.710730871905 -1.43907168448e-17 -0.441413966352 -0.355863617416 1.11486183382e-15 -7.95580978839e-16 1.46573784999e-17 1.21004358417e-15 -1.32468216719 -0.512274044986 2.11211820692e-14 1.02507565391e-15 1.31234677584e-15 -9.00935706354e-16 
10 1.22684823397e-17 -7.50691457853e-16 2.65738830752e-15 0.710730871905 0.0679455657439 3.56176282549e-16 0.355863617416 -0.441413966352 -1.95915738174e-15 -7.22483945974e-16 -2.03043944104e-16 -2.69871081626e-16 -0.512274044986 1.32468216719 -1.85242850979e-14 -1.02655028878e-15 -6.11702002309e-16 2.40090537058e-16 
11 -0.00193437588897 0.169899934953 -0.695748155673 1.13381519648e-15 1.8522436902e-14 -0.29049346425 8.65501021521e-16 -9.32437935888e-16 0.365447769106 0.383785204323 -0.108657210145 0.241845777432 1.30671447483e-14 2.45873018754e-14 1.45585329302 0.0537874498868 0.019839008085 -0.00800810726111 
12 5.43030835132e-18 -1.03890329045e-16 -1.15637888129e-15 0.00443891251815 -0.0464323481568 1.91066887413e-16 0.961135600972 0.774858110212 -2.92794157469e-15 1.83673405651e-15 -1.84114046906e-16 -6.50237485297e-16 0.698101614036 0.269966144702 -1.10579087045e-14 -6.82809261027e-16 -6.41440849351e-16 3.410548762e-16 
13 -8.0757772025e-18 4.84954783706e-17 1.42002798576e-16 0.0464323481568 0.00443891251815 -6.6762012273e-16 -0.774858110212 0.961135600972 4.44157347905e-15 8.69947999139e-16 6.50494990397e-16 1.72614789215e-16 0.269966144702 -0.698101614036 9.92190184112e-15 6.40499898929e-16 3.63061851219e-16 -1.44766264271e-16 
14 0.00414588030495 0.0321678991772 -0.0285511936487 -6.10144322864e-16 2.44238086567e-15 0.305047973645 -1.52136917088e-15 3.10609904879e-15 -0.809087941914 -1.35082357062 0.449607338675 0.0884538200679 -7.70831657489e-15 -1.54843739676e-14 -0.937315495817 -0.110924241718 -0.0414085460147 0.0167628878957 
15 0.00110799477962 -0.0151850103099 0.0201209470046 1.68666936563e-16 -2.51373982325e-18 -0.17767490428 3.1082068962e-16 1.84248710638e-16 0.0184712494583 -0.13439214421 -0.0893391694744 -1.33730224575 -4.68017159996e-16 1.59667543437e-15 0.155093304508 -0.0398113305534 -0.0125937293763 0.00506365010649 
16 0.00113648576479 -0.0118568171963 0.0357283667152 -6.0745151734e-16 -6.19225909933e-16 -0.64218367899 2.07973863761e-15 2.31163850036e-15 0.0803940168588 -1.47113366445 -0.209900319195 1.63263126395 3.49629124117e-17 -4.04004248886e-15 -0.299020675571 -0.0132213797886 -0.0084162879234 0.00360530377376 
17 0.0054424146944 0.0339423440869 -0.00158871702133 1.43530342158e-16 -2.44552204725e-16 -0.0254340962253 -8.95068138144e-16 -1.32768105805e-15 -0.302686380522 0.554014289145 1.45730604012 -0.735811281497 -2.2418993882e-15 -1.83124736041e-15 -0.111173409504 -0.159519428079 -0.0563170488604 0.0225524704256 
[DM] 
D 
  0     1     2     3     4     5     6     7     8     9     10     11     12     13     14     15     16     17     
0 0.00408686873982 0.0159978772963 0.0281100593675 -0.0215200872191 0.00499219257891 -0.00182309609644 5.08715017449e-19 -2.99526249913e-18 -4.8608480109e-05 -1.0188061609e-18 7.84307172794e-19 -0.000123661985451 3.47152131167e-19 -5.16273309967e-19 0.000265040415813 7.08325796954e-05 7.26539691237e-05 0.000347926073 
1 0.0159978772963 0.0626230237088 0.110035655457 -0.084239484225 0.0195417297206 -0.0071364336628 1.99134372696e-18 -1.17248301773e-17 -0.00019027586885 -3.98807424179e-18 3.07013772934e-18 -0.000484069686453 1.35891254433e-18 -2.02093034791e-18 0.0010374896579 0.000277271180136 0.000284400933117 0.00136194210737 
2 0.0281100593675 0.110035655457 0.193344951343 -0.148018193838 0.0343370043671 -0.0125395119751 3.49901360968e-18 -2.06018377472e-17 -0.000334335979112 -7.00749240804e-18 5.39457530768e-18 -0.000850564570046 2.38776130037e-18 -3.55100061121e-18 0.00182298534589 0.000487196469265 0.000499724242536 0.00239308458141 
3 -0.0215200872191 -0.084239484225 -0.148018193838 0.113317599219 -0.0262872204986 0.00959981577632 -2.67872355148e-18 1.5772052965e-17 0.00025595603826 5.36469332337e-18 -4.12989989148e-18 0.000651162756136 -1.82798729703e-18 2.71852299809e-18 -0.00139561440017 -0.000372980731715 -0.000382571560746 -0.0018320626165 
4 0.00499219257891 0.0195417297206 0.0343370043671 -0.0262872204986 0.00609806390454 -0.00222694864521 6.21405652239e-19 -3.65877354326e-18 -5.93762386611e-05 -1.24449227014e-18 9.5804702741e-19 -0.000151055608917 4.24053328671e-19 -6.30638258966e-19 0.000323752212553 8.6523424463e-05 8.87482883786e-05 0.000424998714227 
5 -0.00182309609644 -0.0071364336628 -0.0125395119751 0.00959981577632 -0.00222694864521 0.000813258166204 -2.26930792632e-19 1.33614552304e-18 2.16835763472e-05 4.54475456203e-19 -3.49868673589e-19 5.51639157766e-05 -1.54859804778e-19 2.30302443268e-19 -0.00011823089466 -3.15974423855e-05 -3.24099392304e-05 -0.000155205049616 
6 5.08715017449e-19 1.99134372696e-18 3.49901360968e-18 -2.67872355148e-18 6.21405652239e-19 -2.26930792632e-19 6.33225546141e-35 -3.72836788141e-34 -6.05056471862e-21 -1.26816403196e-34 9.76270251122e-35 -1.53928870955e-20 4.32119340519e-35 -6.42633768315e-35 3.2991037476e-20 8.8169205594e-21 9.04363891366e-21 4.33082708462e-20 
7 -2.99526249913e-18 -1.17248301773e-17 -2.06018377472e-17 1.5772052965e-17 -3.65877354326e-18 1.33614552304e-18 -3.72836788141e-34 2.19522524696e-33 3.56251122507e-20 7.46682137818e-34 -5.74818036013e-34 9.06317601979e-20 -2.54427491112e-34 3.78376254069e-34 -1.94247887264e-19 -5.19131352595e-20 -5.32480299669e-20 -2.54994712399e-19 
8 -4.8608480109e-05 -0.00019027586885 -0.000334335979112 0.00025595603826 -5.93762386611e-05 2.16835763472e-05 -6.05056471862e-21 3.56251122507e-20 5.78140500449e-07 1.21174968319e-20 -9.32840813717e-21 1.47081336414e-06 -4.12896487186e-21 6.14046168741e-21 -3.15234293056e-06 -8.42469934903e-07 -8.64133212447e-07 -4.13816999651e-06 
9 -1.0188061609e-18 -3.98807424179e-18 -7.00749240804e-18 5.36469332337e-18 -1.24449227014e-18 4.54475456203e-19 -1.26816403196e-34 7.46682137818e-34 1.21174968319e-20 2.53975857697e-34 -1.95518141284e-34 3.08274135205e-20 -8.65407607925e-35 1.28700592651e-34 -6.60713190729e-20 -1.76576917881e-20 -1.81117417929e-20 -8.67336949819e-20 
10 7.84307172794e-19 3.07013772934e-18 5.39457530768e-18 -4.12989989148e-18 9.5804702741e-19 -3.49868673589e-19 9.76270251122e-35 -5.74818036013e-34 -9.32840813717e-21 -1.95518141284e-34 1.5051565892e-34 -2.37318564322e-20 6.66216421075e-35 -9.90775299885e-35 5.08636593039e-20 1.35934143862e-20 1.39429555347e-20 6.67701685637e-20 
11 -0.000123661985451 -0.000484069686453 -0.000850564570046 0.000651162756136 -0.000151055608917 5.51639157766e-05 -1.53928870955e-20 9.06317601979e-20 1.47081336414e-06 3.08274135205e-20 -2.37318564322e-20 3.74181007983e-06 -1.05042575445e-20 1.56215887052e-20 -8.01969090044e-06 -2.14327838679e-06 -2.19839066157e-06 -1.05276757626e-05 
12 3.47152131167e-19 1.35891254433e-18 2.38776130037e-18 -1.82798729703e-18 4.24053328671e-19 -1.54859804778e-19 4.32119340519e-35 -2.54427491112e-34 -4.12896487186e-21 -8.65407607925e-35 6.66216421075e-35 -1.05042575445e-20 2.94882487904e-35 -4.38539603862e-35 2.25134084435e-20 6.01675330497e-21 6.17146813972e-21 2.95539899663e-20 
13 -5.16273309967e-19 -2.02093034791e-18 -3.55100061121e-18 2.71852299809e-18 -6.30638258966e-19 2.30302443268e-19 -6.42633768315e-35 3.78376254069e-34 6.14046168741e-21 1.28700592651e-34 -9.90775299885e-35 1.56215887052e-20 -4.38539603862e-35 6.52181774245e-35 -3.3481205651e-20 -8.94791898172e-21 -9.17800583029e-21 -4.39517285156e-20 
14 0.000265040415813 0.0010374896579 0.00182298534589 -0.00139561440017 0.000323752212553 -0.00011823089466 3.2991037476e-20 -1.94247887264e-19 -3.15234293056e-06 -6.60713190729e-20 5.08636593039e-20 -8.01969090044e-06 2.25134084435e-20 -3.3481205651e-20 1.71883235029e-05 4.5936137348e-06 4.71173394911e-06 2.25635998928e-05 
15 7.08325796954e-05 0.000277271180136 0.000487196469265 -0.000372980731715 8.6523424463e-05 -3.15974423855e-05 8.8169205594e-21 -5.19131352595e-20 -8.42469934903e-07 -1.76576917881e-20 1.35934143862e-20 -2.14327838679e-06 6.01675330497e-21 -8.94791898172e-21 4.5936137348e-06 1.22765243166e-06 1.2592202945e-06 6.0301670699e-06 
16 7.26539691237e-05 0.000284400933117 0.000499724242536 -0.000382571560746 8.87482883786e-05 -3.24099392304e-05 9.04363891366e-21 -5.32480299669e-20 -8.64133212447e-07 -1.81117417929e-20 1.39429555347e-20 -2.19839066157e-06 6.17146813972e-21 -9.17800583029e-21 4.71173394911e-06 1.2592202945e-06 1.29159989358e-06 6.18522682628e-06 
17 0.000347926073 0.00136194210737 0.00239308458141 -0.0018320626165 0.000424998714227 -0.000155205049616 4.33082708462e-20 -2.54994712399e-19 -4.13816999651e-06 -8.67336949819e-20 6.67701685637e-20 -1.05276757626e-05 2.95539899663e-20 -4.39517285156e-20 2.25635998928e-05 6.0301670699e-06 6.18522682628e-06 2.96198777058e-05 
[MOE] 
MOE 
0 -35.4514670888
1 -7.39284166728
2 -6.77303677038
3 -6.72876174044
4 -6.72876174044
5 -3.85771629216
6 -3.1533077517
7 -3.1533077517
8 -3.05122226206
9 -2.67682957501
10 -2.03466148915
11 1.0380360762
12 2.38722337411
13 2.38722337411
14 2.47394253429
15 17.0829105801
16 112.168012593
17 578.383502895
[INPUT] 
mol = [(9,(0.0,0.0,0.12532478)),
(1,(0.0,0.0,-1.56968015)),
basis = [[(0,0,0),328.072927019,54.9399028647,(0.0,0.0,0.12532478)],
[(0,0,0),72.955384729,17.7911125149,(0.0,0.0,0.12532478)],
[(0,0,0),20.377374349,6.83551530637,(0.0,0.0,0.12532478)],
[(0,0,0),9.67169675371,-3.90874281222,(0.0,0.0,0.12532478)],
[(0,0,0),1.71442551145,1.06782247557,(0.0,0.0,0.12532478)],
[(0,0,0),0.507535975097,0.428558601044,(0.0,0.0,0.12532478)],
[(1,0,0),6.4648032,14.693803367,(0.0,0.0,0.12532478)],
[(0,1,0),6.4648032,14.693803367,(0.0,0.0,0.12532478)],
[(0,0,1),6.46616388807,14.697669341,(0.0,0.0,0.12532478)],
[(1,0,0),1.5022812,2.3707138034,(0.0,0.0,0.12532478)],
[(0,1,0),1.5022812,2.3707138034,(0.0,0.0,0.12532478)],
[(0,0,1),1.50173652627,2.36963943147,(0.0,0.0,0.12532478)],
[(1,0,0),0.4885885,0.582262926368,(0.0,0.0,0.12532478)],
[(0,1,0),0.4885885,0.582262926368,(0.0,0.0,0.12532478)],
[(0,0,1),0.487887030074,0.581218165272,(0.0,0.0,0.12532478)],
[(0,0,0),3.42546865519,1.79452738682,(0.0,0.0,-1.56968015)],
[(0,0,0),0.623900849656,0.500318745595,(0.0,0.0,-1.56968015)],
[(0,0,0),0.168875270196,0.187752027209,(0.0,0.0,-1.56968015)],
[Atoms]
F 1 9 0.0 0.0 0.12532478
H 2 1 0.0 0.0 -1.56968015
XX 3 0 0.0 0.0 0.12532478
XX 4 0 0.0 0.0 0.12532478
XX 5 0 0.0 0.0 0.12532478
XX 6 0 0.0 0.0 0.12532478
XX 7 0 0.0 0.0 0.12532478
XX 8 0 0.0 0.0 0.12532478
XX 9 0 0.0 0.0 0.12532478
XX 10 0 0.0 0.0 0.12532478
XX 11 0 0.0 0.0 0.12532478
XX 12 0 0.0 0.0 0.12532478
XX 13 0 0.0 0.0 0.12532478
XX 14 0 0.0 0.0 0.12532478
XX 15 0 0.0 0.0 0.12532478
XX 16 0 0.0 0.0 0.12532478
XX 17 0 0.0 0.0 0.12532478
XX 18 0 0.0 0.0 -1.56968015
XX 19 0 0.0 0.0 -1.56968015
XX 20 0 0.0 0.0 -1.56968015
[GTO]
  3  0
 p   1 1.0 0 0 0
  328.072927019 54.9399028647
 
  4  0
 p   1 1.0 0 0 0
  72.955384729 17.7911125149
 
  5  0
 p   1 1.0 0 0 0
  20.377374349 6.83551530637
 
  6  0
 p   1 1.0 0 0 0
  9.67169675371 -3.90874281222
 
  7  0
 p   1 1.0 0 0 0
  1.71442551145 1.06782247557
 
  8  0
 p   1 1.0 0 0 0
  0.507535975097 0.428558601044
 
  9  0
 p   1 1.0 1 0 0
  6.4648032 14.693803367
 
  10  0
 p   1 1.0 0 1 0
  6.4648032 14.693803367
 
  11  0
 p   1 1.0 0 0 1
  6.46616388807 14.697669341
 
  12  0
 p   1 1.0 1 0 0
  1.5022812 2.3707138034
 
  13  0
 p   1 1.0 0 1 0
  1.5022812 2.3707138034
 
  14  0
 p   1 1.0 0 0 1
  1.50173652627 2.36963943147
 
  15  0
 p   1 1.0 1 0 0
  0.4885885 0.582262926368
 
  16  0
 p   1 1.0 0 1 0
  0.4885885 0.582262926368
 
  17  0
 p   1 1.0 0 0 1
  0.487887030074 0.581218165272
 
  18  0
 p   1 1.0 0 0 0
  3.42546865519 1.79452738682
 
  19  0
 p   1 1.0 0 0 0
  0.623900849656 0.500318745595
 
  20  0
 p   1 1.0 0 0 0
  0.168875270196 0.187752027209
 
[MO]
  Sym=  None
  Ene=      -35.4514670888
  Spin= Alpha
  Occup=    2.0
3 0.0639286222268
4 0.250245926458
5 0.439710076463
6 -0.336626795159
7 0.0780901011943
8 -0.0285176816415
9 7.95754702242e-18
10 -4.68532309127e-17
11 -0.000760355509251
12 -1.59366200211e-17
13 1.22684823397e-17
14 -0.00193437588897
15 5.43030835132e-18
16 -8.0757772025e-18
17 0.00414588030495
18 0.00110799477962
19 0.00113648576479
20 0.0054424146944
  Sym=  None
  Ene=      -7.39284166728
  Spin= Alpha
  Occup=    2.0
3 0.0189656711848
4 0.0835409470047
5 0.174485317397
6 -0.22602620315
7 -0.785723275817
8 -0.350548228852
9 3.34241285956e-16
10 -4.11243531737e-16
11 0.0804664496857
12 5.84884380013e-16
13 -7.50691457853e-16
14 0.169899934953
15 -1.03890329045e-16
16 4.84954783706e-17
17 0.0321678991772
18 -0.0151850103099
19 -0.0118568171963
20 0.0339423440869
  Sym=  None
  Ene=      -6.77303677038
  Spin= Alpha
  Occup=    0.0
3 0.00498269271985
4 0.0215916871599
5 0.0477852863191
6 -0.0559811058065
7 -0.209520381509
8 -0.0886214851704
9 -1.03288402798e-14
10 1.51479660932e-15
11 -0.35983966475
12 -2.01480064493e-14
13 2.65738830752e-15
14 -0.695748155673
15 -1.15637888129e-15
16 1.42002798576e-16
17 -0.0285511936487
18 0.0201209470046
19 0.0357283667152
20 -0.00158871702133
  Sym=  None
  Ene=      -6.72876174044
  Spin= Alpha
  Occup=    0.0
3 6.06300866044e-18
4 6.42636658624e-17
5 -5.87067773112e-17
6 -2.53247008499e-16
7 -2.85523633365e-16
8 -2.8377917889e-16
9 0.0360118769115
10 0.37669496745
11 4.29908630242e-16
12 0.0679455657439
13 0.710730871905
14 1.13381519648e-15
15 0.00443891251815
16 0.0464323481568
17 -6.10144322864e-16
18 1.68666936563e-16
19 -6.0745151734e-16
20 1.43530342158e-16
  Sym=  None
  Ene=      -6.72876174044
  Spin= Alpha
  Occup=    0.0
3 -1.20316027586e-16
4 -5.29360344385e-16
5 -1.28918580362e-15
6 1.06430075183e-15
7 4.5098870939e-15
8 2.795817466e-15
9 -0.37669496745
10 0.0360118769115
11 1.03178310824e-14
12 -0.710730871905
13 0.0679455657439
14 1.8522436902e-14
15 -0.0464323481568
16 0.00443891251815
17 2.44238086567e-15
18 -2.51373982325e-18
19 -6.19225909933e-16
20 -2.44552204725e-16
  Sym=  None
  Ene=      -3.85771629216
  Spin= Alpha
  Occup=    0.0
3 -0.00648206153782
4 -0.0299525729053
5 -0.0584656013464
6 0.0986530925092
7 0.568114512843
8 -0.287204222153
9 -5.30893609288e-17
10 2.28083011357e-16
11 -0.182303542919
12 -1.43907168448e-17
13 3.56176282549e-16
14 -0.29049346425
15 1.91066887413e-16
16 -6.6762012273e-16
17 0.305047973645
18 -0.17767490428
19 -0.64218367899
20 -0.0254340962253
  Sym=  None
  Ene=      -3.1533077517
  Spin= Alpha
  Occup=    0.0
3 -5.10190869075e-17
4 -2.53324432971e-16
5 -3.83448509041e-16
6 1.0224205061e-15
7 6.23882036534e-15
8 -6.59371168815e-15
9 -0.212807916692
10 0.171563658655
11 8.04459597868e-16
12 -0.441413966352
13 0.355863617416
14 8.65501021521e-16
15 0.961135600972
16 -0.774858110212
17 -1.52136917088e-15
18 3.1082068962e-16
19 2.07973863761e-15
20 -8.95068138144e-16
  Sym=  None
  Ene=      -3.1533077517
  Spin= Alpha
  Occup=    0.0
3 9.10037490738e-18
4 4.05483941081e-17
5 9.8837879151e-17
6 -1.28293672725e-16
7 -8.70792225842e-16
8 6.10912906533e-16
9 -0.171563658655
10 -0.212807916692
11 -6.23157048975e-16
12 -0.355863617416
13 -0.441413966352
14 -9.32437935888e-16
15 0.774858110212
16 0.961135600972
17 3.10609904879e-15
18 1.84248710638e-16
19 2.31163850036e-15
20 -1.32768105805e-15
  Sym=  None
  Ene=      -3.05122226206
  Spin= Alpha
  Occup=    0.0
3 -0.010517330217
4 -0.0509807595269
5 -0.0873623932596
6 0.187244532234
7 1.15771087895
8 -1.04310871043
9 3.48104283552e-16
10 -1.30620071167e-15
11 0.171745817073
12 1.11486183382e-15
13 -1.95915738174e-15
14 0.365447769106
15 -2.92794157469e-15
16 4.44157347905e-15
17 -0.809087941914
18 0.0184712494583
19 0.0803940168588
20 -0.302686380522
  Sym=  None
  Ene=      -2.67682957501
  Spin= Alpha
  Occup=    0.0
3 0.00486662255289
4 0.0259851975159
5 0.0313938789895
6 -0.113839346166
7 -0.728448066009
8 1.00150693355
9 -7.99306730746e-16
10 1.22720609473e-16
11 0.126282458471
12 -7.95580978839e-16
13 -7.22483945974e-16
14 0.383785204323
15 1.83673405651e-15
16 8.69947999139e-16
17 -1.35082357062
18 -0.13439214421
19 -1.47113366445
20 0.554014289145
  Sym=  None
  Ene=      -2.03466148915
  Spin= Alpha
  Occup=    0.0
3 -0.00721806342184
4 -0.0351389396606
5 -0.060611832134
6 0.13407146999
7 0.977220115578
8 -1.49889701329
9 4.82466518997e-17
10 -2.33882706504e-16
11 -0.0929095650926
12 1.46573784999e-17
13 -2.03043944104e-16
14 -0.108657210145
15 -1.84114046906e-16
16 6.50494990397e-16
17 0.449607338675
18 -0.0893391694744
19 -0.209900319195
20 1.45730604012
  Sym=  None
  Ene=      1.0380360762
  Spin= Alpha
  Occup=    0.0
3 0.00164348091354
4 0.00717359577875
5 0.0185553531929
6 -0.020195543831
7 -0.1732758117
8 0.0420887592874
9 -1.02094044835e-15
10 2.45124965208e-16
11 -0.117005533131
12 1.21004358417e-15
13 -2.69871081626e-16
14 0.241845777432
15 -6.50237485297e-16
16 1.72614789215e-16
17 0.0884538200679
18 -1.33730224575
19 1.63263126395
20 -0.735811281497
  Sym=  None
  Ene=      2.38722337411
  Spin= Alpha
  Occup=    0.0
3 5.95397492396e-19
4 6.47786625691e-17
5 -1.33101906904e-16
6 -4.0584397377e-16
7 -1.48263682635e-15
8 2.45265307113e-15
9 1.0795530892
10 0.417479031181
11 -1.05022425152e-14
12 -1.32468216719
13 -0.512274044986
14 1.30671447483e-14
15 0.698101614036
16 0.269966144702
17 -7.70831657489e-15
18 -4.68017159996e-16
19 3.49629124117e-17
20 -2.2418993882e-15
  Sym=  None
  Ene=      2.38722337411
  Spin= Alpha
  Occup=    0.0
3 -5.67625308842e-18
4 6.5866748384e-17
5 -3.50193915758e-16
6 -6.65689656863e-16
7 -1.86885902724e-15
8 3.89386643719e-15
9 0.417479031181
10 -1.0795530892
11 -1.94718723022e-14
12 -0.512274044986
13 1.32468216719
14 2.45873018754e-14
15 0.269966144702
16 -0.698101614036
17 -1.54843739676e-14
18 1.59667543437e-15
19 -4.04004248886e-15
20 -1.83124736041e-15
  Sym=  None
  Ene=      2.47394253429
  Spin= Alpha
  Occup=    0.0
3 0.000497571069645
4 0.00273008186637
5 0.00311767213739
6 -0.0139158477218
7 -0.117508718031
8 0.260855685282
9 -1.70385033104e-14
10 1.49249007412e-14
11 -1.15479534529
12 2.11211820692e-14
13 -1.85242850979e-14
14 1.45585329302
15 -1.10579087045e-14
16 9.92190184112e-15
17 -0.937315495817
18 0.155093304508
19 -0.299020675571
20 -0.111173409504
  Sym=  None
  Ene=      17.0829105801
  Spin= Alpha
  Occup=    0.0
3 -0.0717216306948
4 -0.0356819701187
5 -2.34270798517
6 -3.16518644378
7 -1.4537190896
8 0.72497393185
9 -9.6302168922e-16
10 9.02101666888e-16
11 -0.0141504596282
12 1.02507565391e-15
13 -1.02655028878e-15
14 0.0537874498868
15 -6.82809261027e-16
16 6.40499898929e-16
17 -0.110924241718
18 -0.0398113305534
19 -0.0132213797886
20 -0.159519428079
  Sym=  None
  Ene=      112.168012593
  Spin= Alpha
  Occup=    0.0
3 0.0119657314666
4 1.87032445862
5 -3.65621258532
6 -2.50521500178
7 -0.605580687438
8 0.273519120152
9 -9.14912680691e-16
10 7.45179982592e-16
11 -0.00500526288049
12 1.31234677584e-15
13 -6.11702002309e-16
14 0.019839008085
15 -6.41440849351e-16
16 3.63061851219e-16
17 -0.0414085460147
18 -0.0125937293763
19 -0.0084162879234
20 -0.0563170488604
  Sym=  None
  Ene=      578.383502895
  Spin= Alpha
  Occup=    0.0
3 1.54114325688
4 -1.94727408114
5 1.80931562998
6 1.06250924975
7 0.242061961618
8 -0.109860025514
9 6.02843692136e-16
10 -1.90673551915e-16
11 0.00200730550263
12 -9.00935706354e-16
13 2.40090537058e-16
14 -0.00800810726111
15 3.410548762e-16
16 -1.44766264271e-16
17 0.0167628878957
18 0.00506365010649
19 0.00360530377376
20 0.0225524704256
