[Energy] 
E_elec: -103.877585397
E_nuc: 5.30971906967
E_tot: -98.5678663275
SCF Details
Eigen: True
Step: 0 -103.877585397
Step: 1 -103.877585397
[CM] 
C AO times MO
  0     1     2     3     4     5     
0 -0.994672009824 -0.248378983109 -0.0846889121376 -7.69623377352e-17 3.78570029326e-17 -0.0871842350599 
1 -0.0228591188553 0.930432901641 0.447104441986 4.01479521068e-16 -2.39533002176e-16 0.583966710593 
2 3.42368945939e-17 2.94411723792e-16 -4.47934962455e-16 -0.709669988077 -0.704534249007 1.824499146e-17 
3 1.51790048736e-18 7.42857189798e-18 8.53053871637e-16 -0.704534249007 0.709669988077 -1.57645382048e-17 
4 0.00312088505894 -0.0964518162767 0.704554902242 1.29203110502e-16 -6.2146547957e-16 -0.829221828538 
5 0.00603250143705 0.16256850195 -0.514440180792 -4.96150015167e-16 3.58584993385e-16 -1.11074664051 
[DM] 
D 
  0     1     2     3     4     5     
0 1.05823673822 -0.24622744107 -4.12987344759e-17 5.4894629917e-18 -0.0388156411803 -0.00281158025759 
1 -0.24622744107 1.06613030582 -4.32847453605e-17 -6.45641905649e-17 0.225196342446 -0.07888730465 
2 -4.12987344759e-17 -4.32847453605e-17 1.0 5.55111512313e-17 2.26767527965e-18 3.77971716406e-16 
3 5.4894629917e-18 -6.45641905649e-17 5.55111512313e-17 1.0 6.82481091761e-17 1.66403306902e-16 
4 -0.0388156411803 0.225196342446 2.26767527965e-18 6.82481091761e-17 0.50571030306 -0.378112551826 
5 -0.00281158025759 -0.07888730465 3.77971716406e-16 1.66403306902e-16 -0.378112551826 0.291113608513 
[MOE] 
MOE 
0 -25.8982827553
1 -1.47781340079
2 -0.591043022158
3 -0.464881830562
4 -0.464881830562
5 0.650245926718
[INPUT] 
mol = [(9,(0.0,0.0,0.12532478)),
(1,(0.0,0.0,-1.56968015)),
basis = [[(0,0,0),166.67913,5.10232912081,(0.0,0.0,0.12532478)],
30.360812,5.10232912081,(0.0,0.0,0.12532478)],
8.2168207,5.10232912081,(0.0,0.0,0.12532478)],
]
[(0,0,0),6.4648032,4.93475053187,(0.0,0.0,0.12532478)],
1.5022812,4.93475053187,(0.0,0.0,0.12532478)],
0.4885885,4.93475053187,(0.0,0.0,0.12532478)],
]
[(1,0,0),6.4648032,1.53794621177,(0.0,0.0,0.12532478)],
1.5022812,1.53794621177,(0.0,0.0,0.12532478)],
0.4885885,1.53794621177,(0.0,0.0,0.12532478)],
]
[(0,1,0),6.4648032,-0.288857885839,(0.0,0.0,0.12532478)],
1.5022812,-0.288857885839,(0.0,0.0,0.12532478)],
0.4885885,-0.288857885839,(0.0,0.0,0.12532478)],
]
[(0,0,1),6.4648032,0.3863707523,(0.0,0.0,0.12532478)],
1.5022812,0.3863707523,(0.0,0.0,0.12532478)],
0.4885885,0.3863707523,(0.0,0.0,0.12532478)],
]
[(0,0,0),3.42525091,0.291599780668,(0.0,0.0,-1.56968015)],
0.62391373,0.291599780668,(0.0,0.0,-1.56968015)],
0.1688554,0.291599780668,(0.0,0.0,-1.56968015)],
]
[Atoms]
F 1 9 0.0 0.0 0.12532478
H 2 1 0.0 0.0 -1.56968015
XX 3 0 0.0 0.0 0.12532478
XX 4 0 0.0 0.0 0.12532478
XX 5 0 0.0 0.0 0.12532478
XX 6 0 0.0 0.0 0.12532478
XX 7 0 0.0 0.0 0.12532478
XX 8 0 0.0 0.0 -1.56968015
[GTO]
  3  0
 s   3 1.0 0 0 0
  166.67913 5.10232912081
  30.360812 4.93475053187
  8.2168207 1.53794621177
  
  4  0
 s   3 1.0 0 0 0
  6.4648032 -0.288857885839
  1.5022812 0.3863707523
  0.4885885 0.291599780668
  
  5  0
 p   3 1.0 1 0 0
  6.4648032 2.29100300962
  1.5022812 1.44064418093
  0.4885885 0.228222256568
  
  6  0
 p   3 1.0 0 1 0
  6.4648032 2.29100300962
  1.5022812 1.44064418093
  0.4885885 0.228222256568
  
  7  0
 p   3 1.0 0 0 1
  6.4648032 2.29100300962
  1.5022812 1.44064418093
  0.4885885 0.228222256568
  
  8  0
 s   3 1.0 0 0 0
  3.42525091 0.276934360953
  0.62391373 0.267838851753
  0.1688554 0.0834736696169
  
[MO]
  Sym=  None
  Ene=      -25.8982827553
  Spin= Alpha
  Occup=    2.0
3 -0.994672009824
4 -0.0228591188553
5 3.42368945939e-17
6 1.51790048736e-18
7 0.00312088505894
8 0.00603250143705
  Sym=  None
  Ene=      -1.47781340079
  Spin= Alpha
  Occup=    2.0
3 -0.248378983109
4 0.930432901641
5 2.94411723792e-16
6 7.42857189798e-18
7 -0.0964518162767
8 0.16256850195
  Sym=  None
  Ene=      -0.591043022158
  Spin= Alpha
  Occup=    2.0
3 -0.0846889121376
4 0.447104441986
5 -4.47934962455e-16
6 8.53053871637e-16
7 0.704554902242
8 -0.514440180792
  Sym=  None
  Ene=      -0.464881830562
  Spin= Alpha
  Occup=    2.0
3 -7.69623377352e-17
4 4.01479521068e-16
5 -0.709669988077
6 -0.704534249007
7 1.29203110502e-16
8 -4.96150015167e-16
  Sym=  None
  Ene=      -0.464881830562
  Spin= Alpha
  Occup=    2.0
3 3.78570029326e-17
4 -2.39533002176e-16
5 -0.704534249007
6 0.709669988077
7 -6.2146547957e-16
8 3.58584993385e-16
  Sym=  None
  Ene=      0.650245926718
  Spin= Alpha
  Occup=    2.0
3 -0.0871842350599
4 0.583966710593
5 1.824499146e-17
6 -1.57645382048e-17
7 -0.829221828538
8 -1.11074664051
