[Energy] 
E_elec: -76.1138242071
E_nuc: 5.30971906967
E_tot: -70.8041051374
SCF Details
Eigen: True
Step: 0 -76.1120174528
Step: 1 -76.1138236355
Step: 2 -76.1138242068
Step: 3 -76.1138242071
[CM] 
C AO times MO
  0     1     2     3     4     5     6     7     8     9     10     11     12     13     14     15     16     17     
0 0.0775914425517 0.0228676434008 -0.00607319106936 1.59729397737e-16 2.33648483608e-17 -0.00788093800579 7.15624550573e-18 -4.30294426597e-18 -0.0123047312664 -0.00412439767497 -0.00736490558091 -0.00172360362233 7.0240150348e-17 -4.07729132599e-18 -0.000687455713434 0.0436117709591 0.0656800353267 1.24259262201 
1 0.461506285694 0.161650771821 -0.0425097982947 5.99897188917e-16 -6.62023845802e-17 -0.0575402673886 -4.76186433557e-17 1.13785974799e-19 -0.0938639738074 -0.0345300709704 -0.0556343751264 -0.0137158806314 8.84582184976e-17 -7.53342571523e-17 -0.0042937204166 0.200840286733 1.44859670007 -1.22317697259 
2 1.28371001727 0.764607949879 -0.223772102029 1.54181019431e-14 5.07964669899e-15 -0.27974773307 2.46147381455e-15 -9.43112295975e-16 -0.338421915851 -0.0209666511555 -0.238595397965 -0.0590017505138 1.43376131493e-14 8.59759265582e-16 -0.0474142767253 7.53779094264 -11.1639581567 3.65356353553 
3 0.746807976819 0.494108030152 -0.157903334731 1.57907708462e-14 5.85558637614e-15 -0.171233862777 2.95584057313e-15 -1.14121384328e-15 -0.124269047421 0.0903217402197 -0.115995028868 -0.0324636500212 1.71407319197e-14 1.22677896016e-15 -0.0410049207279 9.36618582777 -10.8327437396 3.37797546017 
4 0.0997102164138 -0.813776397188 0.211001301573 -1.46375975789e-15 1.6273784774e-15 0.616832610365 1.07849029053e-15 -5.84426248314e-16 1.29857898741 0.696543029286 0.929025759037 0.182677243071 3.64440921595e-15 1.86862886224e-15 0.112903541416 2.71137707872 -1.32354457604 0.377664288888 
5 -0.036532860644 -0.261979519598 0.0706923100942 -2.6251124857e-15 -1.59443041721e-15 -0.381585017031 -8.67089016944e-16 1.07479081966e-15 -1.30038675487 -1.02364974288 -1.50747335531 -0.0599087983044 -6.46031573441e-17 -3.45690889686e-15 -0.270986963085 -1.27869093093 0.505334858095 -0.145757790953 
6 -3.75874662231e-16 -9.93598075023e-16 -1.04501427091e-14 -0.354528738411 -0.13425195394 2.35008662638e-16 0.224748194014 -0.156232903699 1.9911309311e-16 -4.31097264549e-16 -3.35592784739e-16 1.98474550599e-17 1.09751475141 -0.366698175717 1.10445849158e-14 -4.78534631006e-15 4.41016565084e-15 -1.46348519354e-15 
7 1.95323371695e-16 4.01361498192e-16 3.28807826541e-15 0.13425195394 -0.354528738411 -3.00706605931e-16 0.156232903699 0.224748194014 -5.46803793207e-17 1.66976916908e-16 -3.31236912301e-17 -8.60735707033e-16 -0.366698175717 -1.09751475141 8.91619278018e-15 1.98683811357e-15 -1.99711997764e-15 5.84672627701e-16 
8 -0.000728794321926 0.0809580100583 0.360387861095 -1.02231834171e-14 -4.58457861035e-16 -0.18059933947 -2.47866890098e-17 -1.08553793395e-16 0.161983210789 -0.142277076684 -0.0914852336169 0.11667293527 -7.50125317375e-15 1.15572403466e-14 1.1550965624 0.0272943133625 -0.00841641438489 0.0022874109309 
9 2.03157211171e-16 -1.40243433528e-15 -1.96553104172e-14 -0.667302779057 -0.252692355377 1.22228198044e-16 0.46475036 -0.323069551489 -1.40974755719e-16 4.90277951085e-16 -1.99582929893e-16 1.2735127273e-17 -1.34765952631 0.450275760896 -1.37025937259e-14 5.21692318007e-15 -3.3407048702e-15 9.37061914557e-16 
10 -1.80717776188e-16 5.23752115699e-16 6.12525018531e-15 0.252692355377 -0.667302779057 1.00361517327e-17 0.323069551489 0.46475036 1.11684149674e-16 -7.59663311543e-16 9.2222243605e-16 7.729301093e-16 0.450275760896 1.34765952631 -1.08451587282e-14 -2.4615519786e-15 2.27451114865e-15 -7.14561733643e-16 
11 -0.00212914987326 0.174745680526 0.694200261721 -2.03079607536e-14 -1.84122353051e-15 -0.291820959783 -3.16109113197e-16 -3.67615891088e-16 0.320777790617 -0.424023684771 -0.10938098834 -0.24224089251 9.49564602702e-15 -1.47871585838e-14 -1.45963422317 -0.0880001958379 0.0308634952884 -0.00885671377526 
12 -3.10298584291e-16 -1.76532497334e-16 -1.00673785505e-15 -0.0434302540212 -0.0164460474731 -8.37713094318e-16 -1.01344497103 0.704492649021 1.00187883107e-16 6.40419863091e-17 4.19983990058e-16 -6.49268586345e-17 0.710429378184 -0.237366428671 7.13592588846e-15 -3.67203171876e-15 3.49364790361e-15 -1.0997923227e-15 
13 6.29058543968e-17 -3.18994272226e-17 1.79562668241e-16 0.0164460474731 -0.0434302540212 7.58118790235e-16 -0.704492649021 -1.01344497103 -1.29753111701e-16 1.02575236789e-15 -9.81263671366e-16 -4.36064040002e-16 -0.237366428671 -0.710429378184 5.69544768441e-15 1.17411383304e-15 -8.94125474334e-16 2.64425103242e-16 
14 0.00452304044247 0.0238342283487 0.0299429534357 -4.44593509728e-16 7.33555542013e-16 0.316304597924 1.01002518343e-15 4.75176775826e-16 -0.650187670279 1.44767916605 0.43629950813 -0.0866701438558 -6.33132273155e-15 9.92974248745e-15 0.942895357201 0.168166171759 -0.0623368524228 0.0182117105908 
15 0.000944915864363 -0.0164263498446 -0.0198478192859 9.8294453334e-16 3.17535364841e-16 -0.174998684656 2.44481890916e-16 -1.78682977684e-16 0.0353338982837 0.133590105301 -0.0914322029175 1.33775238595 7.1875574272e-16 -2.39858278718e-15 -0.154197861141 0.0491746089289 -0.0115288554529 0.00369325600989 
16 0.0010247650533 -0.0164674371505 -0.0347937273996 1.88778074636e-15 -3.28770143213e-16 -0.624353806867 1.06580084909e-15 7.63846144656e-16 0.223270194458 1.45564135917 -0.262999903871 -1.63293689449 -2.12889756325e-15 4.04787630801e-15 0.299717689874 0.00135518175581 -0.0109739596749 0.00339518661317 
17 0.00653702065448 0.0248205307999 0.00307883304049 -5.26662170014e-16 9.31442916003e-16 -0.0154213944563 -3.34453360023e-16 -2.02970697315e-15 -0.268907998335 -0.446120141258 1.51651658466 0.739746507794 -2.42882638485e-16 1.11270638817e-15 0.117420655807 0.272914902929 -0.092987059486 0.0268645269605 
[DM] 
D 
  0     1     2     3     4     5     6     7     8     9     10     11     12     13     14     15     16     17     
0 0.00602043195726 0.0358089384537 0.0996049120577 0.0579459082305 0.00773665952869 -0.00283463735791 -2.91646572612e-17 1.51554221738e-17 -5.65482027617e-05 1.57632610795e-17 -1.40221529492e-17 -0.000165203810075 -2.40765147769e-17 4.8809559876e-18 0.000350949232651 7.33173850059e-05 7.95129987618e-05 0.000507216862571 
1 0.0358089384537 0.212988051735 0.592440241977 0.344656575509 0.0460168916229 -0.0168601448216 -1.73468519253e-16 9.014296378e-17 -0.000336343160547 9.37583299395e-17 -8.34023896475e-17 -0.000982616049693 -1.43204747092e-16 2.90314472111e-17 0.00208741159465 0.000436084610856 0.000472935513456 0.00301687612175 
2 0.0996049120577 0.592440241977 1.64791140843 0.958684880816 0.127999003634 -0.0468975991681 -4.82514069142e-16 2.5073856885e-16 -0.000935560571582 2.6079494706e-16 -2.31989219591e-16 -0.00273321102056 -3.98333400998e-16 8.07528754338e-17 0.00580627232449 0.00121299796056 0.00131550116426 0.00839163889722 
3 0.0579459082305 0.344656575509 0.958684880816 0.557722154241 0.0744643849882 -0.027283031745 -2.80706196038e-16 1.45869052041e-16 -0.000544269413075 1.51719425851e-16 -1.3496147681e-16 -0.00159006610919 -2.31733457944e-16 4.69785938521e-17 0.00337784268191 0.000705670704929 0.000765302716167 0.0048818991694 
4 0.00773665952869 0.0460168916229 0.127999003634 0.0744643849882 0.00994212725729 -0.00364269944103 -3.74785439155e-17 1.94757356623e-17 -7.26682395604e-05 2.02568494919e-17 -1.80194085735e-17 -0.00021229799464 -3.09399389926e-17 6.2723563556e-18 0.000450993341367 9.42177653284e-05 0.000102179545237 0.000651807744159 
5 -0.00283463735791 -0.0168601448216 -0.0468975991681 -0.027283031745 -0.00364269944103 0.00133464990684 1.37317766549e-17 -7.13572151864e-18 2.66249414011e-05 -7.42191408454e-18 6.60213733338e-18 7.77839356099e-05 1.1336094938e-17 -2.29813081237e-18 -0.000165239606172 -3.45204795931e-05 -3.7437598885e-05 -0.000238816064597 
6 -2.91646572612e-17 -1.73468519253e-16 -4.82514069142e-16 -2.80706196038e-16 -3.74785439155e-17 1.37317766549e-17 1.41281761707e-31 -7.34171063615e-32 2.7393531959e-19 -7.63616481287e-32 6.79272330839e-32 8.00293489449e-19 1.16633375561e-31 -2.36447167738e-32 -1.70009629857e-18 -3.55169931354e-19 -3.85183218274e-19 -2.4571004305e-18 
7 1.51554221738e-17 9.014296378e-17 2.5073856885e-16 1.45869052041e-16 1.94757356623e-17 -7.13572151864e-18 -7.34171063615e-32 3.81512195301e-32 -1.4235056423e-19 3.968135147e-32 -3.52984053702e-32 -4.15872732087e-19 -6.06085657158e-32 1.22869835801e-32 8.83455509533e-19 1.84564152595e-19 2.00160565405e-19 1.27683291507e-18 
8 -5.65482027617e-05 -0.000336343160547 -0.000935560571582 -0.000544269413075 -7.26682395604e-05 2.66249414011e-05 2.7393531959e-19 -1.4235056423e-19 5.31141163671e-07 -1.4805982196e-19 1.31706089157e-19 1.55171233816e-06 2.26143846333e-19 -4.58454295003e-20 -3.29636619231e-06 -6.88649316645e-07 -7.4684295215e-07 -4.7641435353e-06 
9 1.57632610795e-17 9.37583299395e-17 2.6079494706e-16 1.51719425851e-16 2.02568494919e-17 -7.42191408454e-18 -7.63616481287e-32 3.968135147e-32 -1.4805982196e-19 4.12728524507e-32 -3.67141194194e-32 -4.32552150416e-19 -6.30393950149e-32 1.27797779456e-32 9.18888282305e-19 1.91966471795e-19 2.08188410333e-19 1.32804288553e-18 
10 -1.40221529492e-17 -8.34023896475e-17 -2.31989219591e-16 -1.3496147681e-16 -1.80194085735e-17 6.60213733338e-18 6.79272330839e-32 -3.52984053702e-32 1.31706089157e-19 -3.67141194194e-32 3.26589146304e-32 3.84775230266e-19 5.60764701074e-32 -1.13682061158e-32 -8.17393810372e-19 -1.70763093692e-19 -1.85193261547e-19 -1.18135583557e-18 
11 -0.000165203810075 -0.000982616049693 -0.00273321102056 -0.00159006610919 -0.00021229799464 7.77839356099e-05 8.00293489449e-19 -4.15872732087e-19 1.55171233816e-06 -4.32552150416e-19 3.84775230266e-19 4.53327918278e-06 6.60672191415e-19 -1.33935991916e-19 -9.63023098481e-06 -2.01186749284e-06 -2.18187838334e-06 -1.3918296698e-05 
12 -2.40765147769e-17 -1.43204747092e-16 -3.98333400998e-16 -2.31733457944e-16 -3.09399389926e-17 1.1336094938e-17 1.16633375561e-31 -6.06085657158e-32 2.26143846333e-19 -6.30393950149e-32 5.60764701074e-32 6.60672191415e-19 9.62852114131e-32 -1.95195975629e-32 -1.40349304599e-18 -2.93206054986e-19 -3.17983145269e-19 -2.02842825457e-18 
13 4.8809559876e-18 2.90314472111e-17 8.07528754338e-17 4.69785938521e-17 6.2723563556e-18 -2.29813081237e-18 -2.36447167738e-32 1.22869835801e-32 -4.58454295003e-20 1.27797779456e-32 -1.13682061158e-32 -1.33935991916e-19 -1.95195975629e-32 3.95714651739e-33 2.84525723505e-19 5.94407397808e-20 6.44637212336e-20 4.11216869479e-19 
14 0.000350949232651 0.00208741159465 0.00580627232449 0.00337784268191 0.000450993341367 -0.000165239606172 -1.70009629857e-18 8.83455509533e-19 -3.29636619231e-06 9.18888282305e-19 -8.17393810372e-19 -9.63023098481e-06 -1.40349304599e-18 2.84525723505e-19 2.04578948442e-05 4.27389266924e-06 4.63505378008e-06 2.95672087934e-05 
15 7.33173850059e-05 0.000436084610856 0.00121299796056 0.000705670704929 9.42177653284e-05 -3.45204795931e-05 -3.55169931354e-19 1.84564152595e-19 -6.88649316645e-07 1.91966471795e-19 -1.70763093692e-19 -2.01186749284e-06 -2.93206054986e-19 5.94407397808e-20 4.27389266924e-06 8.92865990724e-07 9.68316756104e-07 6.17693452208e-06 
16 7.95129987618e-05 0.000472935513456 0.00131550116426 0.000765302716167 0.000102179545237 -3.7437598885e-05 -3.85183218274e-19 2.00160565405e-19 -7.4684295215e-07 2.08188410333e-19 -1.85193261547e-19 -2.18187838334e-06 -3.17983145269e-19 6.44637212336e-20 4.63505378008e-06 9.68316756104e-07 1.05014341446e-06 6.69891031938e-06 
17 0.000507216862571 0.00301687612175 0.00839163889722 0.0048818991694 0.000651807744159 -0.000238816064597 -2.4571004305e-18 1.27683291507e-18 -4.7641435353e-06 1.32804288553e-18 -1.18135583557e-18 -1.3918296698e-05 -2.02842825457e-18 4.11216869479e-19 2.95672087934e-05 6.17693452208e-06 6.69891031938e-06 4.27326390371e-05 
[MOE] 
MOE 
0 -35.3795526692
1 -7.39293981916
2 -6.77519533179
3 -6.73151524288
4 -6.73151524288
5 -3.86267153321
6 -3.1542938674
7 -3.1542938674
8 -3.09784757648
9 -2.70387398042
10 -2.05127705043
11 1.03752944814
12 2.38073647237
13 2.38073647237
14 2.47406816589
15 6.26405226251
16 49.177613504
17 442.204839421
[INPUT] 
mol = [(9,(0.0,0.0,0.12532478)),
(1,(0.0,0.0,-1.56968015)),
basis = [[(0,0,0),330.840666127,55.2871568889,(0.0,0.0,0.12532478)],
[(0,0,0),46.3428603105,12.6589364207,(0.0,0.0,0.12532478)],
[(0,0,0),8.18301463236,3.44822096525,(0.0,0.0,0.12532478)],
[(0,0,0),6.46594805477,-2.88990955356,(0.0,0.0,0.12532478)],
[(0,0,0),1.50547866675,0.968648134822,(0.0,0.0,0.12532478)],
[(0,0,0),0.488885309499,0.416692163259,(0.0,0.0,0.12532478)],
[(1,0,0),6.4648032,14.693803367,(0.0,0.0,0.12532478)],
[(0,1,0),6.4648032,14.693803367,(0.0,0.0,0.12532478)],
[(0,0,1),6.46505702245,14.6945245095,(0.0,0.0,0.12532478)],
[(1,0,0),1.5022812,2.3707138034,(0.0,0.0,0.12532478)],
[(0,1,0),1.5022812,2.3707138034,(0.0,0.0,0.12532478)],
[(0,0,1),1.50227097629,2.37069363617,(0.0,0.0,0.12532478)],
[(1,0,0),0.4885885,0.582262926368,(0.0,0.0,0.12532478)],
[(0,1,0),0.4885885,0.582262926368,(0.0,0.0,0.12532478)],
[(0,0,1),0.48857692024,0.582245676564,(0.0,0.0,0.12532478)],
[(0,0,0),3.42525330777,1.79444277434,(0.0,0.0,-1.56968015)],
[(0,0,0),0.623913686023,0.500326465882,(0.0,0.0,-1.56968015)],
[(0,0,0),0.168855377032,0.187735439359,(0.0,0.0,-1.56968015)],
[Atoms]
F 1 9 0.0 0.0 0.12532478
H 2 1 0.0 0.0 -1.56968015
XX 3 0 0.0 0.0 0.12532478
XX 4 0 0.0 0.0 0.12532478
XX 5 0 0.0 0.0 0.12532478
XX 6 0 0.0 0.0 0.12532478
XX 7 0 0.0 0.0 0.12532478
XX 8 0 0.0 0.0 0.12532478
XX 9 0 0.0 0.0 0.12532478
XX 10 0 0.0 0.0 0.12532478
XX 11 0 0.0 0.0 0.12532478
XX 12 0 0.0 0.0 0.12532478
XX 13 0 0.0 0.0 0.12532478
XX 14 0 0.0 0.0 0.12532478
XX 15 0 0.0 0.0 0.12532478
XX 16 0 0.0 0.0 0.12532478
XX 17 0 0.0 0.0 0.12532478
XX 18 0 0.0 0.0 -1.56968015
XX 19 0 0.0 0.0 -1.56968015
XX 20 0 0.0 0.0 -1.56968015
[GTO]
  3  0
 p   1 1.0 0 0 0
  330.840666127 55.2871568889
 
  4  0
 p   1 1.0 0 0 0
  46.3428603105 12.6589364207
 
  5  0
 p   1 1.0 0 0 0
  8.18301463236 3.44822096525
 
  6  0
 p   1 1.0 0 0 0
  6.46594805477 -2.88990955356
 
  7  0
 p   1 1.0 0 0 0
  1.50547866675 0.968648134822
 
  8  0
 p   1 1.0 0 0 0
  0.488885309499 0.416692163259
 
  9  0
 p   1 1.0 1 0 0
  6.4648032 14.693803367
 
  10  0
 p   1 1.0 0 1 0
  6.4648032 14.693803367
 
  11  0
 p   1 1.0 0 0 1
  6.46505702245 14.6945245095
 
  12  0
 p   1 1.0 1 0 0
  1.5022812 2.3707138034
 
  13  0
 p   1 1.0 0 1 0
  1.5022812 2.3707138034
 
  14  0
 p   1 1.0 0 0 1
  1.50227097629 2.37069363617
 
  15  0
 p   1 1.0 1 0 0
  0.4885885 0.582262926368
 
  16  0
 p   1 1.0 0 1 0
  0.4885885 0.582262926368
 
  17  0
 p   1 1.0 0 0 1
  0.48857692024 0.582245676564
 
  18  0
 p   1 1.0 0 0 0
  3.42525330777 1.79444277434
 
  19  0
 p   1 1.0 0 0 0
  0.623913686023 0.500326465882
 
  20  0
 p   1 1.0 0 0 0
  0.168855377032 0.187735439359
 
[MO]
  Sym=  None
  Ene=      -35.3795526692
  Spin= Alpha
  Occup=    2.0
3 0.0775914425517
4 0.461506285694
5 1.28371001727
6 0.746807976819
7 0.0997102164138
8 -0.036532860644
9 -3.75874662231e-16
10 1.95323371695e-16
11 -0.000728794321926
12 2.03157211171e-16
13 -1.80717776188e-16
14 -0.00212914987326
15 -3.10298584291e-16
16 6.29058543968e-17
17 0.00452304044247
18 0.000944915864363
19 0.0010247650533
20 0.00653702065448
  Sym=  None
  Ene=      -7.39293981916
  Spin= Alpha
  Occup=    2.0
3 0.0228676434008
4 0.161650771821
5 0.764607949879
6 0.494108030152
7 -0.813776397188
8 -0.261979519598
9 -9.93598075023e-16
10 4.01361498192e-16
11 0.0809580100583
12 -1.40243433528e-15
13 5.23752115699e-16
14 0.174745680526
15 -1.76532497334e-16
16 -3.18994272226e-17
17 0.0238342283487
18 -0.0164263498446
19 -0.0164674371505
20 0.0248205307999
  Sym=  None
  Ene=      -6.77519533179
  Spin= Alpha
  Occup=    0.0
3 -0.00607319106936
4 -0.0425097982947
5 -0.223772102029
6 -0.157903334731
7 0.211001301573
8 0.0706923100942
9 -1.04501427091e-14
10 3.28807826541e-15
11 0.360387861095
12 -1.96553104172e-14
13 6.12525018531e-15
14 0.694200261721
15 -1.00673785505e-15
16 1.79562668241e-16
17 0.0299429534357
18 -0.0198478192859
19 -0.0347937273996
20 0.00307883304049
  Sym=  None
  Ene=      -6.73151524288
  Spin= Alpha
  Occup=    0.0
3 1.59729397737e-16
4 5.99897188917e-16
5 1.54181019431e-14
6 1.57907708462e-14
7 -1.46375975789e-15
8 -2.6251124857e-15
9 -0.354528738411
10 0.13425195394
11 -1.02231834171e-14
12 -0.667302779057
13 0.252692355377
14 -2.03079607536e-14
15 -0.0434302540212
16 0.0164460474731
17 -4.44593509728e-16
18 9.8294453334e-16
19 1.88778074636e-15
20 -5.26662170014e-16
  Sym=  None
  Ene=      -6.73151524288
  Spin= Alpha
  Occup=    0.0
3 2.33648483608e-17
4 -6.62023845802e-17
5 5.07964669899e-15
6 5.85558637614e-15
7 1.6273784774e-15
8 -1.59443041721e-15
9 -0.13425195394
10 -0.354528738411
11 -4.58457861035e-16
12 -0.252692355377
13 -0.667302779057
14 -1.84122353051e-15
15 -0.0164460474731
16 -0.0434302540212
17 7.33555542013e-16
18 3.17535364841e-16
19 -3.28770143213e-16
20 9.31442916003e-16
  Sym=  None
  Ene=      -3.86267153321
  Spin= Alpha
  Occup=    0.0
3 -0.00788093800579
4 -0.0575402673886
5 -0.27974773307
6 -0.171233862777
7 0.616832610365
8 -0.381585017031
9 2.35008662638e-16
10 -3.00706605931e-16
11 -0.18059933947
12 1.22228198044e-16
13 1.00361517327e-17
14 -0.291820959783
15 -8.37713094318e-16
16 7.58118790235e-16
17 0.316304597924
18 -0.174998684656
19 -0.624353806867
20 -0.0154213944563
  Sym=  None
  Ene=      -3.1542938674
  Spin= Alpha
  Occup=    0.0
3 7.15624550573e-18
4 -4.76186433557e-17
5 2.46147381455e-15
6 2.95584057313e-15
7 1.07849029053e-15
8 -8.67089016944e-16
9 0.224748194014
10 0.156232903699
11 -2.47866890098e-17
12 0.46475036
13 0.323069551489
14 -3.16109113197e-16
15 -1.01344497103
16 -0.704492649021
17 1.01002518343e-15
18 2.44481890916e-16
19 1.06580084909e-15
20 -3.34453360023e-16
  Sym=  None
  Ene=      -3.1542938674
  Spin= Alpha
  Occup=    0.0
3 -4.30294426597e-18
4 1.13785974799e-19
5 -9.43112295975e-16
6 -1.14121384328e-15
7 -5.84426248314e-16
8 1.07479081966e-15
9 -0.156232903699
10 0.224748194014
11 -1.08553793395e-16
12 -0.323069551489
13 0.46475036
14 -3.67615891088e-16
15 0.704492649021
16 -1.01344497103
17 4.75176775826e-16
18 -1.78682977684e-16
19 7.63846144656e-16
20 -2.02970697315e-15
  Sym=  None
  Ene=      -3.09784757648
  Spin= Alpha
  Occup=    0.0
3 -0.0123047312664
4 -0.0938639738074
5 -0.338421915851
6 -0.124269047421
7 1.29857898741
8 -1.30038675487
9 1.9911309311e-16
10 -5.46803793207e-17
11 0.161983210789
12 -1.40974755719e-16
13 1.11684149674e-16
14 0.320777790617
15 1.00187883107e-16
16 -1.29753111701e-16
17 -0.650187670279
18 0.0353338982837
19 0.223270194458
20 -0.268907998335
  Sym=  None
  Ene=      -2.70387398042
  Spin= Alpha
  Occup=    0.0
3 -0.00412439767497
4 -0.0345300709704
5 -0.0209666511555
6 0.0903217402197
7 0.696543029286
8 -1.02364974288
9 -4.31097264549e-16
10 1.66976916908e-16
11 -0.142277076684
12 4.90277951085e-16
13 -7.59663311543e-16
14 -0.424023684771
15 6.40419863091e-17
16 1.02575236789e-15
17 1.44767916605
18 0.133590105301
19 1.45564135917
20 -0.446120141258
  Sym=  None
  Ene=      -2.05127705043
  Spin= Alpha
  Occup=    0.0
3 -0.00736490558091
4 -0.0556343751264
5 -0.238595397965
6 -0.115995028868
7 0.929025759037
8 -1.50747335531
9 -3.35592784739e-16
10 -3.31236912301e-17
11 -0.0914852336169
12 -1.99582929893e-16
13 9.2222243605e-16
14 -0.10938098834
15 4.19983990058e-16
16 -9.81263671366e-16
17 0.43629950813
18 -0.0914322029175
19 -0.262999903871
20 1.51651658466
  Sym=  None
  Ene=      1.03752944814
  Spin= Alpha
  Occup=    0.0
3 -0.00172360362233
4 -0.0137158806314
5 -0.0590017505138
6 -0.0324636500212
7 0.182677243071
8 -0.0599087983044
9 1.98474550599e-17
10 -8.60735707033e-16
11 0.11667293527
12 1.2735127273e-17
13 7.729301093e-16
14 -0.24224089251
15 -6.49268586345e-17
16 -4.36064040002e-16
17 -0.0866701438558
18 1.33775238595
19 -1.63293689449
20 0.739746507794
  Sym=  None
  Ene=      2.38073647237
  Spin= Alpha
  Occup=    0.0
3 7.0240150348e-17
4 8.84582184976e-17
5 1.43376131493e-14
6 1.71407319197e-14
7 3.64440921595e-15
8 -6.46031573441e-17
9 1.09751475141
10 -0.366698175717
11 -7.50125317375e-15
12 -1.34765952631
13 0.450275760896
14 9.49564602702e-15
15 0.710429378184
16 -0.237366428671
17 -6.33132273155e-15
18 7.1875574272e-16
19 -2.12889756325e-15
20 -2.42882638485e-16
  Sym=  None
  Ene=      2.38073647237
  Spin= Alpha
  Occup=    0.0
3 -4.07729132599e-18
4 -7.53342571523e-17
5 8.59759265582e-16
6 1.22677896016e-15
7 1.86862886224e-15
8 -3.45690889686e-15
9 -0.366698175717
10 -1.09751475141
11 1.15572403466e-14
12 0.450275760896
13 1.34765952631
14 -1.47871585838e-14
15 -0.237366428671
16 -0.710429378184
17 9.92974248745e-15
18 -2.39858278718e-15
19 4.04787630801e-15
20 1.11270638817e-15
  Sym=  None
  Ene=      2.47406816589
  Spin= Alpha
  Occup=    0.0
3 -0.000687455713434
4 -0.0042937204166
5 -0.0474142767253
6 -0.0410049207279
7 0.112903541416
8 -0.270986963085
9 1.10445849158e-14
10 8.91619278018e-15
11 1.1550965624
12 -1.37025937259e-14
13 -1.08451587282e-14
14 -1.45963422317
15 7.13592588846e-15
16 5.69544768441e-15
17 0.942895357201
18 -0.154197861141
19 0.299717689874
20 0.117420655807
  Sym=  None
  Ene=      6.26405226251
  Spin= Alpha
  Occup=    0.0
3 0.0436117709591
4 0.200840286733
5 7.53779094264
6 9.36618582777
7 2.71137707872
8 -1.27869093093
9 -4.78534631006e-15
10 1.98683811357e-15
11 0.0272943133625
12 5.21692318007e-15
13 -2.4615519786e-15
14 -0.0880001958379
15 -3.67203171876e-15
16 1.17411383304e-15
17 0.168166171759
18 0.0491746089289
19 0.00135518175581
20 0.272914902929
  Sym=  None
  Ene=      49.177613504
  Spin= Alpha
  Occup=    0.0
3 0.0656800353267
4 1.44859670007
5 -11.1639581567
6 -10.8327437396
7 -1.32354457604
8 0.505334858095
9 4.41016565084e-15
10 -1.99711997764e-15
11 -0.00841641438489
12 -3.3407048702e-15
13 2.27451114865e-15
14 0.0308634952884
15 3.49364790361e-15
16 -8.94125474334e-16
17 -0.0623368524228
18 -0.0115288554529
19 -0.0109739596749
20 -0.092987059486
  Sym=  None
  Ene=      442.204839421
  Spin= Alpha
  Occup=    0.0
3 1.24259262201
4 -1.22317697259
5 3.65356353553
6 3.37797546017
7 0.377664288888
8 -0.145757790953
9 -1.46348519354e-15
10 5.84672627701e-16
11 0.0022874109309
12 9.37061914557e-16
13 -7.14561733643e-16
14 -0.00885671377526
15 -1.0997923227e-15
16 2.64425103242e-16
17 0.0182117105908
18 0.00369325600989
19 0.00339518661317
20 0.0268645269605
