[Energy] 
E_elec: -84.2893207617
E_nuc: 9.32946299582
E_tot: -74.9598577659
SCF Details
Eigen: True
Step: 0 -82.5562756064
Step: 1 -84.2771438741
Step: 2 -84.2886416194
Step: 3 -84.2892249604
Step: 4 -84.2893043445
Step: 5 -84.2893178056
Step: 6 -84.2893202212
Step: 7 -84.2893206628
Step: 8 -84.289320744
Step: 9 -84.289320759
Step: 10 -84.2893207617
[CM] 
C AO times MO
  0     1     2     3     4     5     6     
0 -0.994091291369 -0.232373802005 -3.05311331772e-16 -0.102912393669 -1.22627211184e-15 0.135039064648 -7.24045613314e-16 
1 -0.0268901673248 0.828656221614 1.69309011255e-15 0.536664254323 6.60646384402e-15 -0.913320109141 4.57054744925e-15 
2 0.0 -6.80011602583e-16 0.605109586242 -2.40085729075e-15 1.64305379517e-15 4.49640324973e-15 1.00317103446 
3 1.04268674882e-16 3.47136585502e-16 -4.29021708071e-15 -1.23265652444e-14 1.0 5.51246938743e-17 -3.37881324782e-16 
4 0.00443765879809 -0.132955044666 2.26207941267e-15 0.7844628159 8.98916347084e-15 0.735028694738 -2.77767042837e-15 
5 0.00614404519138 0.159886640515 0.443114419635 -0.270437206307 -1.78993361233e-15 0.809234079465 -0.851050080648 
6 0.00614404519138 0.159886640515 -0.443114419635 -0.270437206307 -5.41825783846e-15 0.809234079465 0.851050080648 
[DM] 
D 
  0     1     2     3     4     5     6     
0 1.0528060402 -0.22105611862 2.20348038505e-16 -1.42033806677e-16 -0.0542471148691 -0.0154298681265 -0.0154298681265 
1 -0.22105611862 0.975402736587 -8.2744507545e-16 2.76089987987e-16 0.310699797794 -0.0128081366515 -0.0128081366515 
2 2.20348038505e-16 -8.2744507545e-16 0.366157611362 -9.52997687431e-16 -4.24166360434e-16 0.268132783123 -0.268132783123 
3 -1.42033806677e-16 2.76089987987e-16 -9.52997687431e-16 1.0 -7.26259462585e-16 -3.01285662195e-16 -1.27495784675e-16 
4 -0.0542471148691 0.310699797794 -4.24166360434e-16 -7.26259462585e-16 0.633078646248 -0.233378402639 -0.233378402639 
5 -0.0154298681265 -0.0128081366515 0.268132783123 -3.01285662195e-16 -0.233378402639 0.29508815855 -0.0976126192272 
6 -0.0154298681265 -0.0128081366515 -0.268132783123 -1.27495784675e-16 -0.233378402639 -0.0976126192272 0.29508815855 
[MOE] 
MOE 
0 -20.238070872
1 -1.27401047497
2 -0.627855080318
3 -0.451196936007
4 -0.39114058522
5 0.617271364552
6 0.763711927609
[INPUT] 
mol = [(8,(0.0,0.0,0.0916858011029)),
(1,(1.42296788349,0.0,-0.981209549317)),
(1,(-1.42296788349,0.0,-0.981209549317)),
basis = [[(0,0,0),130.70932,4.25194328294,(0.0,0.0,0.0916858011029)],
23.808861,4.25194328294,(0.0,0.0,0.0916858011029)],
6.4436083,4.25194328294,(0.0,0.0,0.0916858011029)],
][(0,0,0),5.0331513,4.11229371843,(0.0,0.0,0.0916858011029)],
1.1695961,4.11229371843,(0.0,0.0,0.0916858011029)],
0.380389,4.11229371843,(0.0,0.0,0.0916858011029)],
][(1,0,0),5.0331513,1.28162253258,(0.0,0.0,0.0916858011029)],
1.1695961,1.28162253258,(0.0,0.0,0.0916858011029)],
0.380389,1.28162253258,(0.0,0.0,0.0916858011029)],
][(0,1,0),5.0331513,-0.239413002994,(0.0,0.0,0.0916858011029)],
1.1695961,-0.239413002994,(0.0,0.0,0.0916858011029)],
0.380389,-0.239413002994,(0.0,0.0,0.0916858011029)],
][(0,0,1),5.0331513,0.320234229134,(0.0,0.0,0.0916858011029)],
1.1695961,0.320234229134,(0.0,0.0,0.0916858011029)],
0.380389,0.320234229134,(0.0,0.0,0.0916858011029)],
][(0,0,0),3.42525091,0.241685570753,(1.42296788349,0.0,-0.981209549317)],
0.62391373,0.241685570753,(1.42296788349,0.0,-0.981209549317)],
0.1688554,0.241685570753,(1.42296788349,0.0,-0.981209549317)],
][(0,0,0),3.42525091,1.67545011811,(-1.42296788349,0.0,-0.981209549317)],
0.62391373,1.67545011811,(-1.42296788349,0.0,-0.981209549317)],
0.1688554,1.67545011811,(-1.42296788349,0.0,-0.981209549317)],
][Atoms]
O 1 8 0.0 0.0 0.0916858011029
H 2 1 1.42296788349 0.0 -0.981209549317
H 3 1 -1.42296788349 0.0 -0.981209549317
XX 4 0 0.0 0.0 0.0916858011029
XX 5 0 0.0 0.0 0.0916858011029
XX 6 0 0.0 0.0 0.0916858011029
XX 7 0 0.0 0.0 0.0916858011029
XX 8 0 0.0 0.0 0.0916858011029
XX 9 0 1.42296788349 0.0 -0.981209549317
XX 10 0 -1.42296788349 0.0 -0.981209549317
[GTO]
  4  0
 p   3 1.0 0 0 0
  130.70932 4.25194328294
  23.808861 4.11229371843
  6.4436083 1.28162253258
  5  0
 p   3 1.0 0 0 0
  5.0331513 -0.239413002994
  1.1695961 0.320234229134
  0.380389 0.241685570753
  6  0
 p   3 1.0 1 0 0
  5.0331513 1.67545011811
  1.1695961 1.05356800799
  0.380389 0.166902898076
  7  0
 p   3 1.0 0 1 0
  5.0331513 1.67545011811
  1.1695961 1.05356800799
  0.380389 0.166902898076
  8  0
 p   3 1.0 0 0 1
  5.0331513 1.67545011811
  1.1695961 1.05356800799
  0.380389 0.166902898076
  9  0
 p   3 1.0 0 0 0
  3.42525091 0.276934360953
  0.62391373 0.267838851753
  0.1688554 0.0834736696169
  10  0
 p   3 1.0 0 0 0
  3.42525091 0.276934360953
  0.62391373 0.267838851753
  0.1688554 0.0834736696169
[MO]
  Sym=  None
  Ene=      -20.238070872
  Spin= Alpha
  Occup=    2.0
4 -0.994091291369
5 -0.0268901673248
6 0.0
7 1.04268674882e-16
8 0.00443765879809
9 0.00614404519138
10 0.00614404519138
  Sym=  None
  Ene=      -1.27401047497
  Spin= Alpha
  Occup=    2.0
4 -0.232373802005
5 0.828656221614
6 -6.80011602583e-16
7 3.47136585502e-16
8 -0.132955044666
9 0.159886640515
10 0.159886640515
  Sym=  None
  Ene=      -0.627855080318
  Spin= Alpha
  Occup=    2.0
4 -3.05311331772e-16
5 1.69309011255e-15
6 0.605109586242
7 -4.29021708071e-15
8 2.26207941267e-15
9 0.443114419635
10 -0.443114419635
  Sym=  None
  Ene=      -0.451196936007
  Spin= Alpha
  Occup=    2.0
4 -0.102912393669
5 0.536664254323
6 -2.40085729075e-15
7 -1.23265652444e-14
8 0.7844628159
9 -0.270437206307
10 -0.270437206307
  Sym=  None
  Ene=      -0.39114058522
  Spin= Alpha
  Occup=    2.0
4 -1.22627211184e-15
5 6.60646384402e-15
6 1.64305379517e-15
7 1.0
8 8.98916347084e-15
9 -1.78993361233e-15
10 -5.41825783846e-15
  Sym=  None
  Ene=      0.617271364552
  Spin= Alpha
  Occup=    2.0
4 0.135039064648
5 -0.913320109141
6 4.49640324973e-15
7 5.51246938743e-17
8 0.735028694738
9 0.809234079465
10 0.809234079465
  Sym=  None
  Ene=      0.763711927609
  Spin= Alpha
  Occup=    0.0
4 -7.24045613314e-16
5 4.57054744925e-15
6 1.00317103446
7 -3.37881324782e-16
8 -2.77767042837e-15
9 -0.851050080648
10 0.851050080648
