[Energy] 
E_elec: -84.4474450847
E_nuc: 9.32946299582
E_tot: -75.1179820889
SCF Details
Eigen: True
Step: 0 -82.7242265703
Step: 1 -84.4350271337
Step: 2 -84.4468246456
Step: 3 -84.4473620641
Step: 4 -84.4474311708
Step: 5 -84.4474426142
Step: 6 -84.4474446376
Step: 7 -84.4474450036
Step: 8 -84.4474450703
Step: 9 -84.4474450825
Step: 10 -84.4474450847
[CM] 
C AO times MO
  0     1     2     3     4     5     6     
0 -0.995355462662 -0.233525379796 -4.04190569903e-16 -0.100320217372 1.32298294734e-16 0.13864391727 1.87395355092e-15 
1 -0.0207533270749 0.83236406813 1.44328993201e-15 0.512318130921 -7.5422994988e-16 -0.930928055805 -1.23314089391e-14 
2 3.77302356025e-17 6.24500451352e-16 -0.615867021432 3.67761376907e-16 -1.02391755282e-15 1.29618538125e-14 -0.990511481981 
3 5.05486330044e-17 1.47489351881e-16 2.67641231752e-15 -1.28695833714e-15 -1.0 3.49730517719e-17 2.75202809845e-16 
4 0.00371936561193 -0.139088221848 1.44328993201e-15 0.803854901228 -1.13072827266e-15 0.720606977613 8.67445353423e-15 
5 0.0045051169459 0.156699375632 -0.435697524735 -0.244079070107 -8.21034676029e-16 0.823215544227 0.84959661271 
6 0.0045051169459 0.156699375632 0.435697524735 -0.244079070107 1.72252207659e-15 0.823215544228 -0.84959661271 
[DM] 
D 
  0     1     2     3     4     5     6     
0 1.05533074607 -0.225117063924 2.86420399049e-17 -8.79467195083e-17 -0.0518643594743 -0.0165914086013 -0.0165914086013 
1 -0.225117063924 0.955730509769 -1.81435141934e-16 2.16613644648e-16 0.295980213152 0.00529130061524 0.00529130061524 
2 2.86420399049e-17 -1.81435141934e-16 0.379292188087 -6.24396529297e-16 -6.79968210963e-16 0.268331736804 -0.268331736804 
3 -8.79467195083e-17 2.16613644648e-16 -6.24396529297e-16 1.0 7.58744828323e-17 -7.61273483442e-18 -2.18957043629e-16 
4 -0.0518643594743 0.295980213152 -6.79968210963e-16 7.58744828323e-17 0.665542069365 -0.217982438137 -0.217982438137 
5 -0.0165914086013 0.00529130061524 0.268331736804 -7.61273483442e-18 -0.217982438137 0.273981915926 -0.105682750193 
6 -0.0165914086013 0.00529130061524 -0.268331736804 -2.18957043629e-16 -0.217982438137 -0.105682750193 0.273981915926 
[MOE] 
MOE 
0 -20.2817178827
1 -1.2881842394
2 -0.650314337505
3 -0.4810154766
4 -0.419802766943
5 0.598643310707
6 0.747649386488
[INPUT] 
mol = [(8,(0.0,0.0,0.0916858011029)),
(1,(1.42296788349,0.0,-0.981209549317)),
(1,(-1.42296788349,0.0,-0.981209549317)),
basis = [[(0,0,0),141.762103474,3.9550097265,(0.0,0.0,0.0916858011029)],
24.9137202429,3.9550097265,(0.0,0.0,0.0916858011029)],
6.44284886944,3.9550097265,(0.0,0.0,0.0916858011029)],
][(0,0,0),5.05946115547,4.23603113269,(0.0,0.0,0.0916858011029)],
1.17473492271,4.23603113269,(0.0,0.0,0.0916858011029)],
0.37924198173,4.23603113269,(0.0,0.0,0.0916858011029)],
][(1,0,0),5.09588452695,1.34337358238,(0.0,0.0,0.0916858011029)],
1.17347501511,1.34337358238,(0.0,0.0,0.0916858011029)],
0.378205462457,1.34337358238,(0.0,0.0,0.0916858011029)],
][(0,1,0),5.16867955546,-0.238323090512,(0.0,0.0,0.0916858011029)],
1.14126775124,-0.238323090512,(0.0,0.0,0.0916858011029)],
0.366676171805,-0.238323090512,(0.0,0.0,0.0916858011029)],
][(0,0,1),5.13763001251,0.321984575717,(0.0,0.0,0.0916858011029)],
1.15340746265,0.321984575717,(0.0,0.0,0.0916858011029)],
0.371791907876,0.321984575717,(0.0,0.0,0.0916858011029)],
][(0,0,0),3.42519828406,0.240912115114,(1.42296788349,0.0,-0.981209549317)],
0.624801039144,0.240912115114,(1.42296788349,0.0,-0.981209549317)],
0.16910322595,0.240912115114,(1.42296788349,0.0,-0.981209549317)],
][(0,0,0),3.42519828406,2.10891991586,(-1.42296788349,0.0,-0.981209549317)],
0.624801039144,2.10891991586,(-1.42296788349,0.0,-0.981209549317)],
0.16910322595,2.10891991586,(-1.42296788349,0.0,-0.981209549317)],
][Atoms]
O 1 8 0.0 0.0 0.0916858011029
H 2 1 1.42296788349 0.0 -0.981209549317
H 3 1 -1.42296788349 0.0 -0.981209549317
XX 4 0 0.0 0.0 0.0916858011029
XX 5 0 0.0 0.0 0.0916858011029
XX 6 0 0.0 0.0 0.0916858011029
XX 7 0 0.0 0.0 0.0916858011029
XX 8 0 0.0 0.0 0.0916858011029
XX 9 0 1.42296788349 0.0 -0.981209549317
XX 10 0 -1.42296788349 0.0 -0.981209549317
[GTO]
  4  0
 p   3 1.0 0 0 0
  141.762103474 3.9550097265
  24.9137202429 4.23603113269
  6.44284886944 1.34337358238
  5  0
 p   3 1.0 0 0 0
  5.05946115547 -0.238323090512
  1.17473492271 0.321984575717
  0.37924198173 0.240912115114
  6  0
 p   3 1.0 1 0 0
  5.09588452695 2.10891991586
  1.17347501511 1.02691057807
  0.378205462457 0.164398200268
  7  0
 p   3 1.0 0 1 0
  5.16867955546 1.85833320164
  1.14126775124 0.934513974976
  0.366676171805 0.182210561563
  8  0
 p   3 1.0 0 0 1
  5.13763001251 2.03747033312
  1.15340746265 0.967979019713
  0.371791907876 0.174366206573
  9  0
 p   3 1.0 0 0 0
  3.42519828406 0.274945348477
  0.624801039144 0.268893419457
  0.16910322595 0.0833818841691
  10  0
 p   3 1.0 0 0 0
  3.42519828406 0.274945348477
  0.624801039144 0.268893419457
  0.16910322595 0.0833818841691
[MO]
  Sym=  None
  Ene=      -20.2817178827
  Spin= Alpha
  Occup=    2.0
4 -0.995355462662
5 -0.0207533270749
6 3.77302356025e-17
7 5.05486330044e-17
8 0.00371936561193
9 0.0045051169459
10 0.0045051169459
  Sym=  None
  Ene=      -1.2881842394
  Spin= Alpha
  Occup=    2.0
4 -0.233525379796
5 0.83236406813
6 6.24500451352e-16
7 1.47489351881e-16
8 -0.139088221848
9 0.156699375632
10 0.156699375632
  Sym=  None
  Ene=      -0.650314337505
  Spin= Alpha
  Occup=    2.0
4 -4.04190569903e-16
5 1.44328993201e-15
6 -0.615867021432
7 2.67641231752e-15
8 1.44328993201e-15
9 -0.435697524735
10 0.435697524735
  Sym=  None
  Ene=      -0.4810154766
  Spin= Alpha
  Occup=    2.0
4 -0.100320217372
5 0.512318130921
6 3.67761376907e-16
7 -1.28695833714e-15
8 0.803854901228
9 -0.244079070107
10 -0.244079070107
  Sym=  None
  Ene=      -0.419802766943
  Spin= Alpha
  Occup=    2.0
4 1.32298294734e-16
5 -7.5422994988e-16
6 -1.02391755282e-15
7 -1.0
8 -1.13072827266e-15
9 -8.21034676029e-16
10 1.72252207659e-15
  Sym=  None
  Ene=      0.598643310707
  Spin= Alpha
  Occup=    2.0
4 0.13864391727
5 -0.930928055805
6 1.29618538125e-14
7 3.49730517719e-17
8 0.720606977613
9 0.823215544227
10 0.823215544228
  Sym=  None
  Ene=      0.747649386488
  Spin= Alpha
  Occup=    0.0
4 1.87395355092e-15
5 -1.23314089391e-14
6 -0.990511481981
7 2.75202809845e-16
8 8.67445353423e-15
9 0.84959661271
10 -0.84959661271
