[Energy] 
E_elec: -84.3722252308
E_nuc: 9.32946299582
E_tot: -75.0427622349
SCF Details
Eigen: True
Step: 0 -82.5926936526
Step: 1 -84.3561544378
Step: 2 -84.3714175481
Step: 3 -84.372112832
Step: 4 -84.3722057804
Step: 5 -84.3722216992
Step: 6 -84.37222458
Step: 7 -84.3722251108
Step: 8 -84.3722252091
Step: 9 -84.3722252274
Step: 10 -84.3722252308
[CM] 
C AO times MO
  0     1     2     3     4     5     6     
0 -0.994706423314 -0.235567803978 2.08166817117e-16 0.104923392534 1.89138892574e-15 -0.140302464331 7.63902808281e-16 
1 -0.023458204579 0.8266112796 -8.32667268469e-16 -0.53311168456 -9.75676668181e-15 0.919679152417 -4.2327987205e-15 
2 2.68882138776e-17 2.91433543964e-16 -0.603373076378 -4.37150315946e-16 -1.93164929932e-16 3.85802501057e-15 1.00033102286 
3 -5.25866671088e-18 6.01668615498e-17 -2.0627380298e-16 1.8025219137e-14 -1.0 -1.47772934454e-16 2.64575743924e-16 
4 0.00405732324007 -0.13335147436 -4.16333634234e-17 -0.788911117987 -1.31941204677e-14 -0.730982355331 2.50374294478e-15 
5 0.00521618284505 0.162508523434 -0.445770127886 0.264144880844 5.34556777039e-15 -0.810819198627 -0.846407083828 
6 0.00521618284505 0.162508523434 0.445770127886 0.264144880844 4.83331398667e-15 -0.810819198627 0.846407083828 
[DM] 
D 
  0     1     2     3     4     5     6     
0 1.05594197715 -0.227324863648 -2.66867786053e-16 -9.06432860357e-18 -0.0553977624233 -0.0157553695555 -0.0157553695555 
1 -0.227324863648 0.968044563138 9.75730458188e-16 1.97169708409e-16 0.310252724702 -0.00660970617713 -0.00660970617713 
2 -2.66867786053e-16 9.75730458188e-16 0.364059069298 3.17624989012e-16 3.3123919646e-16 0.26896569342 -0.26896569342 
3 -9.06432860357e-18 1.97169708409e-16 3.17624989012e-16 1.0 -1.03421998944e-15 -4.82597512064e-16 -1.54245127412e-16 
4 -0.0553977624233 0.310252724702 3.3123919646e-16 -1.03421998944e-15 0.64017982967 -0.230036420713 -0.230036420713 
5 -0.0157553695555 -0.00660970617713 0.26896569342 -4.82597512064e-16 -0.230036420713 0.294919753744 -0.102502260088 
6 -0.0157553695555 -0.00660970617713 -0.26896569342 -1.54245127412e-16 -0.230036420713 -0.102502260088 0.294919753744 
[MOE] 
MOE 
0 -20.2070336103
1 -1.27037719092
2 -0.630356470673
3 -0.457022849207
4 -0.404142010954
5 0.61758066761
6 0.766982034133
[INPUT] 
mol = [(8,(0.0,0.0,0.0916858011029)),
(1,(1.42296788349,0.0,-0.981209549317)),
(1,(-1.42296788349,0.0,-0.981209549317)),
basis = [[(0,0,0),134.586768908,3.99219727993,(0.0,0.0,0.0916858011029)],
24.1970905965,3.99219727993,(0.0,0.0,0.0916858011029)],
6.42732223338,3.99219727993,(0.0,0.0,0.0916858011029)],
][(0,0,0),5.04211979606,4.17292571527,(0.0,0.0,0.0916858011029)],
1.17236328256,4.17292571527,(0.0,0.0,0.0916858011029)],
0.380157665926,4.17292571527,(0.0,0.0,0.0916858011029)],
][(1,0,0),5.05626578597,1.30646796537,(0.0,0.0,0.0916858011029)],
1.17239764882,1.30646796537,(0.0,0.0,0.0916858011029)],
0.379499341989,1.30646796537,(0.0,0.0,0.0916858011029)],
][(0,1,0),5.09249257228,-0.227611769193,(0.0,0.0,0.0916858011029)],
1.16076922061,-0.227611769193,(0.0,0.0,0.0916858011029)],
0.375168901419,-0.227611769193,(0.0,0.0,0.0916858011029)],
][(0,0,1),5.07366996751,0.321212020156,(0.0,0.0,0.0916858011029)],
1.16556517366,0.321212020156,(0.0,0.0,0.0916858011029)],
0.377206082864,0.321212020156,(0.0,0.0,0.0916858011029)],
][(0,0,0),3.42530908636,0.240722541799,(1.42296788349,0.0,-0.981209549317)],
0.624194231882,0.240722541799,(1.42296788349,0.0,-0.981209549317)],
0.168937556152,0.240722541799,(1.42296788349,0.0,-0.981209549317)],
][(0,0,0),3.42530908636,1.89677946537,(-1.42296788349,0.0,-0.981209549317)],
0.624194231882,1.89677946537,(-1.42296788349,0.0,-0.981209549317)],
0.168937556152,1.89677946537,(-1.42296788349,0.0,-0.981209549317)],
][Atoms]
O 1 8 0.0 0.0 0.0916858011029
H 2 1 1.42296788349 0.0 -0.981209549317
H 3 1 -1.42296788349 0.0 -0.981209549317
XX 4 0 0.0 0.0 0.0916858011029
XX 5 0 0.0 0.0 0.0916858011029
XX 6 0 0.0 0.0 0.0916858011029
XX 7 0 0.0 0.0 0.0916858011029
XX 8 0 0.0 0.0 0.0916858011029
XX 9 0 1.42296788349 0.0 -0.981209549317
XX 10 0 -1.42296788349 0.0 -0.981209549317
[GTO]
  4  0
 p   3 1.0 0 0 0
  134.586768908 3.99219727993
  24.1970905965 4.17292571527
  6.42732223338 1.30646796537
  5  0
 p   3 1.0 0 0 0
  5.04211979606 -0.227611769193
  1.17236328256 0.321212020156
  0.380157665926 0.240722541799
  6  0
 p   3 1.0 1 0 0
  5.05626578597 1.89677946537
  1.17239764882 1.04215359579
  0.379499341989 0.165225328552
  7  0
 p   3 1.0 0 1 0
  5.09249257228 1.99748104985
  1.16076922061 0.995956728563
  0.375168901419 0.170587695841
  8  0
 p   3 1.0 0 0 1
  5.07366996751 1.93738557004
  1.16556517366 1.01722543474
  0.377206082864 0.16827374372
  9  0
 p   3 1.0 0 0 0
  3.42530908636 0.276498762878
  0.624194231882 0.26813845921
  0.168937556152 0.0834460400232
  10  0
 p   3 1.0 0 0 0
  3.42530908636 0.276498762878
  0.624194231882 0.26813845921
  0.168937556152 0.0834460400232
[MO]
  Sym=  None
  Ene=      -20.2070336103
  Spin= Alpha
  Occup=    2.0
4 -0.994706423314
5 -0.023458204579
6 2.68882138776e-17
7 -5.25866671088e-18
8 0.00405732324007
9 0.00521618284505
10 0.00521618284505
  Sym=  None
  Ene=      -1.27037719092
  Spin= Alpha
  Occup=    2.0
4 -0.235567803978
5 0.8266112796
6 2.91433543964e-16
7 6.01668615498e-17
8 -0.13335147436
9 0.162508523434
10 0.162508523434
  Sym=  None
  Ene=      -0.630356470673
  Spin= Alpha
  Occup=    2.0
4 2.08166817117e-16
5 -8.32667268469e-16
6 -0.603373076378
7 -2.0627380298e-16
8 -4.16333634234e-17
9 -0.445770127886
10 0.445770127886
  Sym=  None
  Ene=      -0.457022849207
  Spin= Alpha
  Occup=    2.0
4 0.104923392534
5 -0.53311168456
6 -4.37150315946e-16
7 1.8025219137e-14
8 -0.788911117987
9 0.264144880844
10 0.264144880844
  Sym=  None
  Ene=      -0.404142010954
  Spin= Alpha
  Occup=    2.0
4 1.89138892574e-15
5 -9.75676668181e-15
6 -1.93164929932e-16
7 -1.0
8 -1.31941204677e-14
9 5.34556777039e-15
10 4.83331398667e-15
  Sym=  None
  Ene=      0.61758066761
  Spin= Alpha
  Occup=    2.0
4 -0.140302464331
5 0.919679152417
6 3.85802501057e-15
7 -1.47772934454e-16
8 -0.730982355331
9 -0.810819198627
10 -0.810819198627
  Sym=  None
  Ene=      0.766982034133
  Spin= Alpha
  Occup=    0.0
4 7.63902808281e-16
5 -4.2327987205e-15
6 1.00033102286
7 2.64575743924e-16
8 2.50374294478e-15
9 -0.846407083828
10 0.846407083828
