[Energy] 
E_elec: -84.3286870809
E_nuc: 9.32946299582
E_tot: -74.9992240851
SCF Details
Eigen: True
Step: 0 -82.5758938361
Step: 1 -84.3148207251
Step: 2 -84.3279445369
Step: 3 -84.3285824769
Step: 4 -84.328669047
Step: 5 -84.3286838187
Step: 6 -84.3286864821
Step: 7 -84.3286869709
Step: 8 -84.3286870612
Step: 9 -84.3286870779
Step: 10 -84.3286870809
[CM] 
C AO times MO
  0     1     2     3     4     5     6     
0 -0.995198803141 -0.233500186226 -9.19403442268e-17 -0.103803430657 -1.50025897357e-15 0.137145034609 7.04740781091e-16 
1 -0.0214277157416 0.828165259066 7.21644966006e-16 0.536052181369 7.80947314734e-15 -0.916441020306 -4.62546579902e-15 
2 -1.28369537222e-16 1.52655665886e-16 0.603976136618 -1.46410661372e-15 3.95557721362e-16 4.77395900589e-15 -1.00220668525 
3 6.85306698261e-17 -3.41362172875e-17 2.03037343696e-15 1.47913982025e-14 -1.0 -1.10689405445e-16 -1.55129232445e-16 
4 0.00374368007267 -0.133318973088 1.38777878078e-15 0.786198361795 1.07398540391e-14 0.73310369866 3.0433394889e-15 
5 0.00467291396368 0.16110303484 0.444579309122 -0.268062911923 -3.06889387604e-15 0.809710925509 0.848919141627 
6 0.00467291396368 0.16110303484 -0.444579309122 -0.268062911923 -5.04005872251e-15 0.809710925509 -0.848919141627 
[DM] 
D 
  0     1     2     3     4     5     6     
0 1.05571814696 -0.227695960595 1.88557598837e-16 -9.5369731559e-17 -0.0542057880156 -0.0144422171309 -0.0144422171309 
1 -0.227695960595 0.973668784476 -2.19806420426e-16 8.9749239663e-17 0.310952986431 -0.0103759019684 -0.0103759019684 
2 1.88557598837e-16 -2.19806420426e-16 0.364787173604 8.30739382988e-16 -3.33725425797e-16 0.268515293544 -0.268515293544 
3 -9.5369731559e-17 8.9749239663e-17 8.30739382988e-16 1.0 8.93926558722e-16 1.35141205572e-18 1.67192218793e-16 
4 -0.0542057880156 0.310952986431 -3.33725425797e-16 8.93926558722e-16 0.635895827815 -0.232211219483 -0.232211219483 
5 -0.0144422171309 -0.0103759019684 0.268515293544 1.35141205572e-18 -0.232211219483 0.295484510808 -0.0998170133915 
6 -0.0144422171309 -0.0103759019684 -0.268515293544 1.67192218793e-16 -0.232211219483 -0.0998170133915 0.295484510808 
[MOE] 
MOE 
0 -20.2455139118
1 -1.27153063427
2 -0.628024252804
3 -0.452862514157
4 -0.397696000071
5 0.618033106933
6 0.765675880649
[INPUT] 
mol = [(8,(0.0,0.0,0.0916858011029)),
(1,(1.42296788349,0.0,-0.981209549317)),
(1,(-1.42296788349,0.0,-0.981209549317)),
basis = [[(0,0,0),132.377737536,4.04939037376,(0.0,0.0,0.0916858011029)],
23.7649624062,4.04939037376,(0.0,0.0,0.0916858011029)],
6.42825640118,4.04939037376,(0.0,0.0,0.0916858011029)],
][(0,0,0),5.0364198633,4.06897561169,(0.0,0.0,0.0916858011029)],
1.17062650773,4.06897561169,(0.0,0.0,0.0916858011029)],
0.380339509071,4.06897561169,(0.0,0.0,0.0916858011029)],
][(1,0,0),5.04131782577,1.31354085792,(0.0,0.0,0.0916858011029)],
1.17081907143,1.31354085792,(0.0,0.0,0.0916858011029)],
0.380060535887,1.31354085792,(0.0,0.0,0.0916858011029)],
][(0,1,0),5.05543732202,-0.235333860759,(0.0,0.0,0.0916858011029)],
1.16699499547,-0.235333860759,(0.0,0.0,0.0916858011029)],
0.378482526735,-0.235333860759,(0.0,0.0,0.0916858011029)],
][(0,0,1),5.04769002647,0.320679091572,(0.0,0.0,0.0916858011029)],
1.1685520757,0.320679091572,(0.0,0.0,0.0916858011029)],
0.379251081511,0.320679091572,(0.0,0.0,0.0916858011029)],
][(0,0,0),3.42528736324,0.241331475787,(1.42296788349,0.0,-0.981209549317)],
0.624008656901,0.241331475787,(1.42296788349,0.0,-0.981209549317)],
0.16888298957,0.241331475787,(1.42296788349,0.0,-0.981209549317)],
][(0,0,0),3.42528736324,1.76395537796,(-1.42296788349,0.0,-0.981209549317)],
0.624008656901,1.76395537796,(-1.42296788349,0.0,-0.981209549317)],
0.16888298957,1.76395537796,(-1.42296788349,0.0,-0.981209549317)],
][Atoms]
O 1 8 0.0 0.0 0.0916858011029
H 2 1 1.42296788349 0.0 -0.981209549317
H 3 1 -1.42296788349 0.0 -0.981209549317
XX 4 0 0.0 0.0 0.0916858011029
XX 5 0 0.0 0.0 0.0916858011029
XX 6 0 0.0 0.0 0.0916858011029
XX 7 0 0.0 0.0 0.0916858011029
XX 8 0 0.0 0.0 0.0916858011029
XX 9 0 1.42296788349 0.0 -0.981209549317
XX 10 0 -1.42296788349 0.0 -0.981209549317
[GTO]
  4  0
 p   3 1.0 0 0 0
  132.377737536 4.04939037376
  23.7649624062 4.06897561169
  6.42825640118 1.31354085792
  5  0
 p   3 1.0 0 0 0
  5.0364198633 -0.235333860759
  1.17062650773 0.320679091572
  0.380339509071 0.241331475787
  6  0
 p   3 1.0 1 0 0
  5.04131782577 1.76395537796
  1.17081907143 1.04929870567
  0.380060535887 0.166187573971
  7  0
 p   3 1.0 0 1 0
  5.05543732202 1.83945141532
  1.16699499547 1.0305693909
  0.378482526735 0.167777168459
  8  0
 p   3 1.0 0 0 1
  5.04769002647 1.79038456017
  1.1685520757 1.03991360211
  0.379251081511 0.167145557266
  9  0
 p   3 1.0 0 0 0
  3.42528736324 0.276843800152
  0.624008656901 0.267931105761
  0.16888298957 0.0834640258728
  10  0
 p   3 1.0 0 0 0
  3.42528736324 0.276843800152
  0.624008656901 0.267931105761
  0.16888298957 0.0834640258728
[MO]
  Sym=  None
  Ene=      -20.2455139118
  Spin= Alpha
  Occup=    2.0
4 -0.995198803141
5 -0.0214277157416
6 -1.28369537222e-16
7 6.85306698261e-17
8 0.00374368007267
9 0.00467291396368
10 0.00467291396368
  Sym=  None
  Ene=      -1.27153063427
  Spin= Alpha
  Occup=    2.0
4 -0.233500186226
5 0.828165259066
6 1.52655665886e-16
7 -3.41362172875e-17
8 -0.133318973088
9 0.16110303484
10 0.16110303484
  Sym=  None
  Ene=      -0.628024252804
  Spin= Alpha
  Occup=    2.0
4 -9.19403442268e-17
5 7.21644966006e-16
6 0.603976136618
7 2.03037343696e-15
8 1.38777878078e-15
9 0.444579309122
10 -0.444579309122
  Sym=  None
  Ene=      -0.452862514157
  Spin= Alpha
  Occup=    2.0
4 -0.103803430657
5 0.536052181369
6 -1.46410661372e-15
7 1.47913982025e-14
8 0.786198361795
9 -0.268062911923
10 -0.268062911923
  Sym=  None
  Ene=      -0.397696000071
  Spin= Alpha
  Occup=    2.0
4 -1.50025897357e-15
5 7.80947314734e-15
6 3.95557721362e-16
7 -1.0
8 1.07398540391e-14
9 -3.06889387604e-15
10 -5.04005872251e-15
  Sym=  None
  Ene=      0.618033106933
  Spin= Alpha
  Occup=    2.0
4 0.137145034609
5 -0.916441020306
6 4.77395900589e-15
7 -1.10689405445e-16
8 0.73310369866
9 0.809710925509
10 0.809710925509
  Sym=  None
  Ene=      0.765675880649
  Spin= Alpha
  Occup=    0.0
4 7.04740781091e-16
5 -4.62546579902e-15
6 -1.00220668525
7 -1.55129232445e-16
8 3.0433394889e-15
9 0.848919141627
10 -0.848919141627
