[Energy] 
E_elec: -104.787737293
E_nuc: 6.21687214477
E_tot: -98.5708651484
SCF Details
Eigen: True
Step: 0 -103.967267407
Step: 1 -104.768811133
Step: 2 -104.787462734
Step: 3 -104.787733258
Step: 4 -104.787737219
Step: 5 -104.787737291
Step: 6 -104.787737293
[CM] 
C AO times MO
  0     1     2     3     4     5     
0 -0.995615363301 0.245520512333 -0.101332374718 -4.37588579539e-17 8.28155986725e-17 -0.106006092058 
1 -0.0190524812024 -0.886155625433 0.52938929918 2.49440015719e-16 -4.11750447979e-16 0.781276415685 
2 4.15101641013e-17 1.47237996083e-16 -2.07993036712e-16 -0.741234875396 -0.671245751939 8.80459172998e-17 
3 7.39860260202e-17 -5.75098173722e-17 7.52310025471e-16 -0.671245751939 0.741234875396 1.09356702612e-16 
4 0.0035818484322 0.14832628712 0.72437259736 5.21072560046e-17 -3.83146014279e-16 -0.862686953932 
5 0.00586513196674 -0.190661423952 -0.460407289284 -3.3709120369e-16 3.41749883927e-16 -1.27569637098 
[DM] 
D 
  0     1     2     3     4     5     
0 1.06179852378 -0.252244715005 -7.25580772471e-18 -7.32560679314e-17 -0.0405513927929 -0.00599654202414 
1 -0.252244715005 1.06588781961 -1.49883837973e-16 -2.48214349546e-17 0.251966684831 -0.0748907441403 
2 -7.25580772471e-18 -1.49883837973e-16 1.0 1.11022302463e-16 8.98849112083e-17 8.8397965372e-17 
3 -7.32560679314e-17 -2.48214349546e-17 1.11022302463e-16 1.0 2.17709593827e-16 1.44617793072e-16 
4 -0.0405513927929 0.251966684831 8.98849112083e-17 2.17709593827e-16 0.546729176895 -0.36176551708 
5 -0.00599654202414 -0.0748907441403 8.8397965372e-17 1.44617793072e-16 -0.36176551708 0.248361050382 
[MOE] 
MOE 
0 -25.8566674359
1 -1.52583723433
2 -0.623908543492
3 -0.478689785562
4 -0.478689785562
5 0.813074195022
[INPUT] 
mol = [(9,(0.0,0.0,0.20165898)),
(1,(0.0,0.0,-1.24601435)),
basis = [[(0,0,0),168.867361381,4.69281284362,(0.0,0.0,0.20165898)],
30.3064390728,4.69281284362,(0.0,0.0,0.20165898)],
8.19993308065,4.69281284362,(0.0,0.0,0.20165898)],
][(0,0,0),6.47016712567,4.89980909916,(0.0,0.0,0.20165898)],
1.50472754051,4.89980909916,(0.0,0.0,0.20165898)],
0.488367455232,4.89980909916,(0.0,0.0,0.20165898)],
][(1,0,0),6.49808688072,1.58131485762,(0.0,0.0,0.20165898)],
1.50087171163,1.58131485762,(0.0,0.0,0.20165898)],
0.485920768583,1.58131485762,(0.0,0.0,0.20165898)],
][(0,1,0),6.49808688072,-0.277498777964,(0.0,0.0,0.20165898)],
1.50087171163,-0.277498777964,(0.0,0.0,0.20165898)],
0.485920768583,-0.277498777964,(0.0,0.0,0.20165898)],
][(0,0,1),6.48332010613,0.387348625445,(0.0,0.0,0.20165898)],
1.50398465689,0.387348625445,(0.0,0.0,0.20165898)],
0.487511105521,0.387348625445,(0.0,0.0,0.20165898)],
][(0,0,0),3.42582189454,0.290640069827,(0.0,0.0,-1.24601435)],
0.624505839104,0.290640069827,(0.0,0.0,-1.24601435)],
0.168933990025,0.290640069827,(0.0,0.0,-1.24601435)],
][Atoms]
F 1 9 0.0 0.0 0.20165898
H 2 1 0.0 0.0 -1.24601435
XX 3 0 0.0 0.0 0.20165898
XX 4 0 0.0 0.0 0.20165898
XX 5 0 0.0 0.0 0.20165898
XX 6 0 0.0 0.0 0.20165898
XX 7 0 0.0 0.0 0.20165898
XX 8 0 0.0 0.0 -1.24601435
[GTO]
  3  0
 p   3 1.0 0 0 0
  168.867361381 4.69281284362
  30.3064390728 4.89980909916
  8.19993308065 1.58131485762
  4  0
 p   3 1.0 0 0 0
  6.47016712567 -0.277498777964
  1.50472754051 0.387348625445
  0.488367455232 0.290640069827
  5  0
 p   3 1.0 1 0 0
  6.49808688072 2.59279616866
  1.50087171163 1.40755448526
  0.485920768583 0.228507815896
  6  0
 p   3 1.0 0 1 0
  6.49808688072 2.59279616866
  1.50087171163 1.40755448526
  0.485920768583 0.228507815896
  7  0
 p   3 1.0 0 0 1
  6.48332010613 2.49642668367
  1.50398465689 1.4269087418
  0.487511105521 0.227139905417
  8  0
 p   3 1.0 0 0 0
  3.42582189454 0.282095060584
  0.624505839104 0.267988574256
  0.168933990025 0.0831537052319
[MO]
  Sym=  None
  Ene=      -25.8566674359
  Spin= Alpha
  Occup=    2.0
3 -0.995615363301
4 -0.0190524812024
5 4.15101641013e-17
6 7.39860260202e-17
7 0.0035818484322
8 0.00586513196674
  Sym=  None
  Ene=      -1.52583723433
  Spin= Alpha
  Occup=    2.0
3 0.245520512333
4 -0.886155625433
5 1.47237996083e-16
6 -5.75098173722e-17
7 0.14832628712
8 -0.190661423952
  Sym=  None
  Ene=      -0.623908543492
  Spin= Alpha
  Occup=    2.0
3 -0.101332374718
4 0.52938929918
5 -2.07993036712e-16
6 7.52310025471e-16
7 0.72437259736
8 -0.460407289284
  Sym=  None
  Ene=      -0.478689785562
  Spin= Alpha
  Occup=    2.0
3 -4.37588579539e-17
4 2.49440015719e-16
5 -0.741234875396
6 -0.671245751939
7 5.21072560046e-17
8 -3.3709120369e-16
  Sym=  None
  Ene=      -0.478689785562
  Spin= Alpha
  Occup=    2.0
3 8.28155986725e-17
4 -4.11750447979e-16
5 -0.671245751939
6 0.741234875396
7 -3.83146014279e-16
8 3.41749883927e-16
  Sym=  None
  Ene=      0.813074195022
  Spin= Alpha
  Occup=    2.0
3 -0.106006092058
4 0.781276415685
5 8.80459172998e-17
6 1.09356702612e-16
7 -0.862686953932
8 -1.27569637098
