[Energy] 
E_elec: -104.85398544
E_nuc: 6.21687214477
E_tot: -98.6371132955
SCF Details
Eigen: True
Step: 0 -104.018323508
Step: 1 -104.835578241
Step: 2 -104.853732709
Step: 3 -104.853981959
Step: 4 -104.853985381
Step: 5 -104.853985439
Step: 6 -104.85398544
[CM] 
C AO times MO
  0     1     2     3     4     5     
0 -0.994613905258 0.24828039383 -0.10297123612 1.96412030847e-16 2.25931944297e-17 -0.108978458062 
1 -0.0233017215679 -0.88490392741 0.526985095828 -1.02700277975e-15 -1.30800831692e-16 0.781456907261 
2 -4.31369974746e-18 -2.42338521081e-16 -5.45991954154e-16 -0.0588282722368 0.998268117484 -2.92399863819e-17 
3 1.18077763664e-17 -9.51776885741e-20 1.90254345731e-15 0.998268117484 0.0588282722368 2.45596963502e-16 
4 0.0042763336832 0.14882344648 0.727548826021 -1.28172078242e-15 4.57695114505e-16 -0.859651452828 
5 0.00748635758373 -0.192412530117 -0.454590425453 9.55133211318e-16 1.6029550361e-16 -1.27554800692 
[DM] 
D 
  0     1     2     3     4     5     
0 1.06150304996 -0.250792386045 1.13435139789e-17 -1.0274074012e-17 -0.0422199589949 -0.00840855607037 
1 -0.250792386045 1.0613112222 -1.43340297488e-16 -3.04977907688e-17 0.251613289583 -0.0694702203569 
2 1.13435139789e-17 -1.43340297488e-16 1.0 5.55111512313e-17 9.89839534555e-17 3.98628442872e-16 
3 -1.0274074012e-17 -3.04977907688e-17 5.55111512313e-17 1.0 1.3165400833e-16 9.81376112468e-17 
4 -0.0422199589949 0.251613289583 9.89839534555e-17 1.3165400833e-16 0.551493999496 -0.359340212073 
5 -0.00840855607037 -0.0694702203569 3.98628442872e-16 9.81376112468e-17 -0.359340212073 0.243731082209 
[MOE] 
MOE 
0 -25.7980972075
1 -1.52904236092
2 -0.633378930828
3 -0.48940222962
4 -0.48940222962
5 0.822280407906
[INPUT] 
mol = [(9,(0.0,0.0,0.20165898)),
(1,(0.0,0.0,-1.24601435)),
basis = [[(0,0,0),171.771882451,4.59046948893,(0.0,0.0,0.20165898)],
31.0612136898,4.59046948893,(0.0,0.0,0.20165898)],
8.21016417041,4.59046948893,(0.0,0.0,0.20165898)],
][(0,0,0),6.47941163805,5.10286009272,(0.0,0.0,0.20165898)],
1.50805483829,5.10286009272,(0.0,0.0,0.20165898)],
0.487471103976,5.10286009272,(0.0,0.0,0.20165898)],
][(1,0,0),6.5523013882,1.55653440961,(0.0,0.0,0.20165898)],
1.49279002226,1.55653440961,(0.0,0.0,0.20165898)],
0.481361605943,1.55653440961,(0.0,0.0,0.20165898)],
][(0,1,0),6.5523013882,-0.265501756096,(0.0,0.0,0.20165898)],
1.49279002226,-0.265501756096,(0.0,0.0,0.20165898)],
0.481361605943,-0.265501756096,(0.0,0.0,0.20165898)],
][(0,0,1),6.5168555721,0.388121610979,(0.0,0.0,0.20165898)],
1.50420589906,0.388121610979,(0.0,0.0,0.20165898)],
0.485621356764,0.388121610979,(0.0,0.0,0.20165898)],
][(0,0,0),3.4266161146,0.289530804149,(0.0,0.0,-1.24601435)],
0.625707678238,0.289530804149,(0.0,0.0,-1.24601435)],
0.169099312632,0.289530804149,(0.0,0.0,-1.24601435)],
][Atoms]
F 1 9 0.0 0.0 0.20165898
H 2 1 0.0 0.0 -1.24601435
XX 3 0 0.0 0.0 0.20165898
XX 4 0 0.0 0.0 0.20165898
XX 5 0 0.0 0.0 0.20165898
XX 6 0 0.0 0.0 0.20165898
XX 7 0 0.0 0.0 0.20165898
XX 8 0 0.0 0.0 -1.24601435
[GTO]
  3  0
 p   3 1.0 0 0 0
  171.771882451 4.59046948893
  31.0612136898 5.10286009272
  8.21016417041 1.55653440961
  4  0
 p   3 1.0 0 0 0
  6.47941163805 -0.265501756096
  1.50805483829 0.388121610979
  0.487471103976 0.289530804149
  5  0
 p   3 1.0 1 0 0
  6.5523013882 2.77671100809
  1.49279002226 1.36095829408
  0.481361605943 0.232966262679
  6  0
 p   3 1.0 0 1 0
  6.5523013882 2.77671100809
  1.49279002226 1.36095829408
  0.481361605943 0.232966262679
  7  0
 p   3 1.0 0 0 1
  6.5168555721 2.73234570662
  1.50420589906 1.4050172501
  0.485621356764 0.226915905087
  8  0
 p   3 1.0 0 0 0
  3.4266161146 0.291385236273
  0.625707678238 0.268434061105
  0.169099312632 0.0825244461816
[MO]
  Sym=  None
  Ene=      -25.7980972075
  Spin= Alpha
  Occup=    2.0
3 -0.994613905258
4 -0.0233017215679
5 -4.31369974746e-18
6 1.18077763664e-17
7 0.0042763336832
8 0.00748635758373
  Sym=  None
  Ene=      -1.52904236092
  Spin= Alpha
  Occup=    2.0
3 0.24828039383
4 -0.88490392741
5 -2.42338521081e-16
6 -9.51776885741e-20
7 0.14882344648
8 -0.192412530117
  Sym=  None
  Ene=      -0.633378930828
  Spin= Alpha
  Occup=    2.0
3 -0.10297123612
4 0.526985095828
5 -5.45991954154e-16
6 1.90254345731e-15
7 0.727548826021
8 -0.454590425453
  Sym=  None
  Ene=      -0.48940222962
  Spin= Alpha
  Occup=    2.0
3 1.96412030847e-16
4 -1.02700277975e-15
5 -0.0588282722368
6 0.998268117484
7 -1.28172078242e-15
8 9.55133211318e-16
  Sym=  None
  Ene=      -0.48940222962
  Spin= Alpha
  Occup=    2.0
3 2.25931944297e-17
4 -1.30800831692e-16
5 0.998268117484
6 0.0588282722368
7 4.57695114505e-16
8 1.6029550361e-16
  Sym=  None
  Ene=      0.822280407906
  Spin= Alpha
  Occup=    2.0
3 -0.108978458062
4 0.781456907261
5 -2.92399863819e-17
6 2.45596963502e-16
7 -0.859651452828
8 -1.27554800692
