[Energy] 
E_elec: -104.720392679
E_nuc: 6.21687214477
E_tot: -98.5035205339
SCF Details
Eigen: True
Step: 0 -103.92267492
Step: 1 -104.700902638
Step: 2 -104.720092449
Step: 3 -104.720387956
Step: 4 -104.720392585
Step: 5 -104.720392676
Step: 6 -104.720392679
[CM] 
C AO times MO
  0     1     2     3     4     5     
0 -0.994466312078 -0.242745881881 0.0985810947072 -3.19454923942e-16 3.51176565412e-16 -0.102717360863 
1 -0.024744832576 0.887921225187 -0.525215746657 1.76586418002e-15 -1.89808488117e-15 0.780638238534 
2 -1.70477683394e-17 -7.66001060314e-16 -6.13174956489e-15 -0.793937773206 0.607999023253 3.46834739957e-17 
3 -3.27878420112e-17 1.64847198646e-16 -7.72177248317e-16 0.607999023253 0.793937773206 1.14371004057e-16 
4 0.00441802481882 -0.148874761492 -0.725865158396 3.08234293361e-15 -3.10894388721e-15 -0.862839829372 
5 0.00803766672473 0.185622327128 0.458883491092 -1.66560873203e-15 1.67857735393e-15 -1.27952851784 
[DM] 
D 
  0     1     2     3     4     5     
0 1.05760704126 -0.242707661717 6.55647893535e-17 1.05240588341e-18 -0.0398114235047 -0.00781500738591 
1 -0.242707661717 1.06486798941 -1.52553584306e-17 1.19424719013e-16 0.248937427232 -0.0763937219944 
2 6.55647893535e-17 -1.52553584306e-17 1.0 -8.881784197e-16 2.27362945118e-16 -6.13119491136e-16 
3 1.05240588341e-18 1.19424719013e-16 -8.881784197e-16 1.0 -5.84363780847e-17 -4.00612422723e-18 
4 -0.0398114235047 0.248937427232 2.27362945118e-16 -5.84363780847e-17 0.549063441726 -0.360686507015 
5 -0.00781500738591 -0.0763937219944 -6.13119491136e-16 -4.00612422723e-18 -0.360686507015 0.245094310812 
[MOE] 
MOE 
0 -25.8899647551
1 -1.53495605397
2 -0.626748837728
3 -0.47349516111
4 -0.47349516111
5 0.799784380026
[INPUT] 
mol = [(9,(0.0,0.0,0.20165898)),
(1,(0.0,0.0,-1.24601435)),
basis = [[(0,0,0),166.67913,5.10232912081,(0.0,0.0,0.20165898)],
30.360812,5.10232912081,(0.0,0.0,0.20165898)],
8.2168207,5.10232912081,(0.0,0.0,0.20165898)],
][(0,0,0),6.4648032,4.93475053187,(0.0,0.0,0.20165898)],
1.5022812,4.93475053187,(0.0,0.0,0.20165898)],
0.4885885,4.93475053187,(0.0,0.0,0.20165898)],
][(1,0,0),6.4648032,1.53794621177,(0.0,0.0,0.20165898)],
1.5022812,1.53794621177,(0.0,0.0,0.20165898)],
0.4885885,1.53794621177,(0.0,0.0,0.20165898)],
][(0,1,0),6.4648032,-0.288857885839,(0.0,0.0,0.20165898)],
1.5022812,-0.288857885839,(0.0,0.0,0.20165898)],
0.4885885,-0.288857885839,(0.0,0.0,0.20165898)],
][(0,0,1),6.4648032,0.3863707523,(0.0,0.0,0.20165898)],
1.5022812,0.3863707523,(0.0,0.0,0.20165898)],
0.4885885,0.3863707523,(0.0,0.0,0.20165898)],
][(0,0,0),3.42525091,0.291599780668,(0.0,0.0,-1.24601435)],
0.62391373,0.291599780668,(0.0,0.0,-1.24601435)],
0.1688554,0.291599780668,(0.0,0.0,-1.24601435)],
][Atoms]
F 1 9 0.0 0.0 0.20165898
H 2 1 0.0 0.0 -1.24601435
XX 3 0 0.0 0.0 0.20165898
XX 4 0 0.0 0.0 0.20165898
XX 5 0 0.0 0.0 0.20165898
XX 6 0 0.0 0.0 0.20165898
XX 7 0 0.0 0.0 0.20165898
XX 8 0 0.0 0.0 -1.24601435
[GTO]
  3  0
 p   3 1.0 0 0 0
  166.67913 5.10232912081
  30.360812 4.93475053187
  8.2168207 1.53794621177
  4  0
 p   3 1.0 0 0 0
  6.4648032 -0.288857885839
  1.5022812 0.3863707523
  0.4885885 0.291599780668
  5  0
 p   3 1.0 1 0 0
  6.4648032 2.29100300962
  1.5022812 1.44064418093
  0.4885885 0.228222256568
  6  0
 p   3 1.0 0 1 0
  6.4648032 2.29100300962
  1.5022812 1.44064418093
  0.4885885 0.228222256568
  7  0
 p   3 1.0 0 0 1
  6.4648032 2.29100300962
  1.5022812 1.44064418093
  0.4885885 0.228222256568
  8  0
 p   3 1.0 0 0 0
  3.42525091 0.276934360953
  0.62391373 0.267838851753
  0.1688554 0.0834736696169
[MO]
  Sym=  None
  Ene=      -25.8899647551
  Spin= Alpha
  Occup=    2.0
3 -0.994466312078
4 -0.024744832576
5 -1.70477683394e-17
6 -3.27878420112e-17
7 0.00441802481882
8 0.00803766672473
  Sym=  None
  Ene=      -1.53495605397
  Spin= Alpha
  Occup=    2.0
3 -0.242745881881
4 0.887921225187
5 -7.66001060314e-16
6 1.64847198646e-16
7 -0.148874761492
8 0.185622327128
  Sym=  None
  Ene=      -0.626748837728
  Spin= Alpha
  Occup=    2.0
3 0.0985810947072
4 -0.525215746657
5 -6.13174956489e-15
6 -7.72177248317e-16
7 -0.725865158396
8 0.458883491092
  Sym=  None
  Ene=      -0.47349516111
  Spin= Alpha
  Occup=    2.0
3 -3.19454923942e-16
4 1.76586418002e-15
5 -0.793937773206
6 0.607999023253
7 3.08234293361e-15
8 -1.66560873203e-15
  Sym=  None
  Ene=      -0.47349516111
  Spin= Alpha
  Occup=    2.0
3 3.51176565412e-16
4 -1.89808488117e-15
5 0.607999023253
6 0.793937773206
7 -3.10894388721e-15
8 1.67857735393e-15
  Sym=  None
  Ene=      0.799784380026
  Spin= Alpha
  Occup=    2.0
3 -0.102717360863
4 0.780638238534
5 3.46834739957e-17
6 1.14371004057e-16
7 -0.862839829372
8 -1.27952851784
