[Energy] 
E_elec: -104.977428152
E_nuc: 6.21687214477
E_tot: -98.7605560073
SCF Details
Eigen: True
Step: 0 -104.167917459
Step: 1 -104.958257302
Step: 2 -104.977144937
Step: 3 -104.977423958
Step: 4 -104.977428076
Step: 5 -104.97742815
Step: 6 -104.977428152
[CM] 
C AO times MO
  0     1     2     3     4     5     
0 -0.994465681445 0.250803643495 0.101826459505 3.65776331131e-17 5.20771601043e-17 -0.112144720692 
1 -0.0237063847211 -0.889550232354 -0.507583056528 -1.58451187574e-16 -3.69960179567e-16 0.787480881098 
2 3.44260733364e-17 -1.88121106227e-16 1.20237950932e-15 -0.996518203853 0.0833754723475 -9.17453993887e-17 
3 -9.42054805376e-17 3.18231624108e-16 -9.8212559183e-16 0.0833754723475 0.996518203853 -9.22015163685e-17 
4 0.00437387416537 0.152657477058 -0.74381660569 -1.13443099871e-15 -5.37371967287e-16 -0.856207086994 
5 0.00763323747831 -0.186227943127 0.422970341894 2.81055520176e-17 5.13271517684e-16 -1.29318586975 
[DM] 
D 
  0     1     2     3     4     5     
0 1.06223308702 -0.25121263886 8.90872164646e-18 1.28436911882e-16 -0.0418028277781 -0.0112280669765 
1 -0.25121263886 1.04950216783 -3.16726522313e-16 -1.64222430255e-16 0.241648523282 -0.0492144253444 
2 8.90872164646e-18 -3.16726522313e-16 1.0 -1.2490009027e-16 1.6276013611e-16 5.58653622223e-16 
3 1.28436911882e-16 -1.64222430255e-16 -1.2490009027e-16 1.0 1.48605050011e-16 3.84350136067e-17 
4 -0.0418028277781 0.241648523282 1.6276013611e-16 1.48605050011e-16 0.576586578977 -0.343008065151 
5 -0.0112280669765 -0.0492144253444 5.58653622223e-16 3.84350136067e-17 -0.343008065151 0.213643023238 
[MOE] 
MOE 
0 -25.8791561898
1 -1.55615305185
2 -0.658630454923
3 -0.524556556318
4 -0.524556556318
5 0.832534846465
[INPUT] 
mol = [(9,(0.0,0.0,0.20165898)),
(1,(0.0,0.0,-1.24601435)),
basis = [[(0,0,0),181.954051602,4.57482683198,(0.0,0.0,0.20165898)],
32.1116982011,4.57482683198,(0.0,0.0,0.20165898)],
8.38447203572,4.57482683198,(0.0,0.0,0.20165898)],
][(0,0,0),6.52183184808,5.16095029665,(0.0,0.0,0.20165898)],
1.51950527573,5.16095029665,(0.0,0.0,0.20165898)],
0.485272948719,5.16095029665,(0.0,0.0,0.20165898)],
][(1,0,0),6.65275107603,1.63094838061,(0.0,0.0,0.20165898)],
1.50139251612,1.63094838061,(0.0,0.0,0.20165898)],
0.466066923073,1.63094838061,(0.0,0.0,0.20165898)],
][(0,1,0),6.65275107603,-0.262245867954,(0.0,0.0,0.20165898)],
1.50139251612,-0.262245867954,(0.0,0.0,0.20165898)],
0.466066923073,-0.262245867954,(0.0,0.0,0.20165898)],
][(0,0,1),6.60402306317,0.394023926461,(0.0,0.0,0.20165898)],
1.49885932643,0.394023926461,(0.0,0.0,0.20165898)],
0.480466494744,0.394023926461,(0.0,0.0,0.20165898)],
][(0,0,0),3.42725076738,0.28720709069,(0.0,0.0,-1.24601435)],
0.630434171728,0.28720709069,(0.0,0.0,-1.24601435)],
0.169639023202,0.28720709069,(0.0,0.0,-1.24601435)],
][Atoms]
F 1 9 0.0 0.0 0.20165898
H 2 1 0.0 0.0 -1.24601435
XX 3 0 0.0 0.0 0.20165898
XX 4 0 0.0 0.0 0.20165898
XX 5 0 0.0 0.0 0.20165898
XX 6 0 0.0 0.0 0.20165898
XX 7 0 0.0 0.0 0.20165898
XX 8 0 0.0 0.0 -1.24601435
[GTO]
  3  0
 p   3 1.0 0 0 0
  181.954051602 4.57482683198
  32.1116982011 5.16095029665
  8.38447203572 1.63094838061
  4  0
 p   3 1.0 0 0 0
  6.52183184808 -0.262245867954
  1.51950527573 0.394023926461
  0.485272948719 0.28720709069
  5  0
 p   3 1.0 1 0 0
  6.65275107603 2.84854583346
  1.50139251612 1.31959935752
  0.466066923073 0.24011806606
  6  0
 p   3 1.0 0 1 0
  6.65275107603 2.84854583346
  1.50139251612 1.31959935752
  0.466066923073 0.24011806606
  7  0
 p   3 1.0 0 0 1
  6.60402306317 2.65490894495
  1.49885932643 1.37867041838
  0.480466494744 0.23387659683
  8  0
 p   3 1.0 0 0 0
  3.42725076738 0.318763438566
  0.630434171728 0.270844949094
  0.169639023202 0.08034356663
[MO]
  Sym=  None
  Ene=      -25.8791561898
  Spin= Alpha
  Occup=    2.0
3 -0.994465681445
4 -0.0237063847211
5 3.44260733364e-17
6 -9.42054805376e-17
7 0.00437387416537
8 0.00763323747831
  Sym=  None
  Ene=      -1.55615305185
  Spin= Alpha
  Occup=    2.0
3 0.250803643495
4 -0.889550232354
5 -1.88121106227e-16
6 3.18231624108e-16
7 0.152657477058
8 -0.186227943127
  Sym=  None
  Ene=      -0.658630454923
  Spin= Alpha
  Occup=    2.0
3 0.101826459505
4 -0.507583056528
5 1.20237950932e-15
6 -9.8212559183e-16
7 -0.74381660569
8 0.422970341894
  Sym=  None
  Ene=      -0.524556556318
  Spin= Alpha
  Occup=    2.0
3 3.65776331131e-17
4 -1.58451187574e-16
5 -0.996518203853
6 0.0833754723475
7 -1.13443099871e-15
8 2.81055520176e-17
  Sym=  None
  Ene=      -0.524556556318
  Spin= Alpha
  Occup=    2.0
3 5.20771601043e-17
4 -3.69960179567e-16
5 0.0833754723475
6 0.996518203853
7 -5.37371967287e-16
8 5.13271517684e-16
  Sym=  None
  Ene=      0.832534846465
  Spin= Alpha
  Occup=    2.0
3 -0.112144720692
4 0.787480881098
5 -9.17453993887e-17
6 -9.22015163685e-17
7 -0.856207086994
8 -1.29318586975
