[Energy] 
E_elec: -104.896839418
E_nuc: 6.21687214477
E_tot: -98.6799672731
SCF Details
Eigen: True
Step: 0 -104.071663127
Step: 1 -104.878346894
Step: 2 -104.896584738
Step: 3 -104.896835913
Step: 4 -104.896839359
Step: 5 -104.896839416
Step: 6 -104.896839418
[CM] 
C AO times MO
  0     1     2     3     4     5     
0 -0.994897149003 0.247485973264 -0.101689694133 2.49503105622e-16 -1.18745765319e-16 -0.108479119721 
1 -0.0221140176096 -0.886769664305 0.520624738895 -1.31352280828e-15 5.82515148382e-16 0.783224604327 
2 1.48488318706e-18 -2.13285755874e-16 -1.5172270022e-15 -0.0228290524081 0.999739383223 -1.53993824416e-16 
3 -1.13206812654e-17 -1.65859449743e-17 2.54554946275e-15 0.999739383223 0.0228290524081 -4.02033810922e-17 
4 0.00411052310091 0.151718779037 0.734395161221 -1.45873644247e-15 1.15482059795e-15 -0.854684102405 
5 0.00703050304785 -0.189098437041 -0.443181824213 1.21355273893e-15 -4.06104445427e-16 -1.2808224668 
[DM] 
D 
  0     1     2     3     4     5     
0 1.06141043795 -0.250404050815 -2.4386926795e-17 -4.97079385865e-18 -0.0412216973388 -0.0087268140226 
1 -0.250404050815 1.05789958605 1.15464057277e-17 4.03520696411e-17 0.247713778121 -0.0632001366471 
2 -2.4386926795e-17 1.15464057277e-17 1.0 -6.93889390391e-17 4.12236833068e-17 2.79047006265e-16 
3 -4.97079385865e-18 4.03520696411e-17 -6.93889390391e-17 1.0 4.34883463522e-16 7.88810187137e-17 
4 -0.0412216973388 0.247713778121 4.12236833068e-17 4.34883463522e-16 0.562371737137 -0.354131472183 
5 -0.0087268140226 -0.0632001366471 2.79047006265e-16 7.88810187137e-17 -0.354131472183 0.232217776177 
[MOE] 
MOE 
0 -25.844337174
1 -1.54179155161
2 -0.649414490124
3 -0.504057602424
4 -0.504057602424
5 0.819143321582
[INPUT] 
mol = [(9,(0.0,0.0,0.20165898)),
(1,(0.0,0.0,-1.24601435)),
basis = [[(0,0,0),174.729822702,4.58297223716,(0.0,0.0,0.20165898)],
31.3363070225,4.58297223716,(0.0,0.0,0.20165898)],
8.21272443003,4.58297223716,(0.0,0.0,0.20165898)],
][(0,0,0),6.48730640909,5.11926545756,(0.0,0.0,0.20165898)],
1.50963022728,5.11926545756,(0.0,0.0,0.20165898)],
0.486574264336,5.11926545756,(0.0,0.0,0.20165898)],
][(1,0,0),6.58853701924,1.5723490268,(0.0,0.0,0.20165898)],
1.48548922965,1.5723490268,(0.0,0.0,0.20165898)],
0.477924173899,1.5723490268,(0.0,0.0,0.20165898)],
][(0,1,0),6.58853701924,-0.269429376077,(0.0,0.0,0.20165898)],
1.48548922965,-0.269429376077,(0.0,0.0,0.20165898)],
0.477924173899,-0.269429376077,(0.0,0.0,0.20165898)],
][(0,0,1),6.54183650969,0.38848208572,(0.0,0.0,0.20165898)],
1.50298674922,0.38848208572,(0.0,0.0,0.20165898)],
0.484220658303,0.38848208572,(0.0,0.0,0.20165898)],
][(0,0,0),3.42706033164,0.28942874596,(0.0,0.0,-1.24601435)],
0.626712679468,0.28942874596,(0.0,0.0,-1.24601435)],
0.169237061136,0.28942874596,(0.0,0.0,-1.24601435)],
][Atoms]
F 1 9 0.0 0.0 0.20165898
H 2 1 0.0 0.0 -1.24601435
XX 3 0 0.0 0.0 0.20165898
XX 4 0 0.0 0.0 0.20165898
XX 5 0 0.0 0.0 0.20165898
XX 6 0 0.0 0.0 0.20165898
XX 7 0 0.0 0.0 0.20165898
XX 8 0 0.0 0.0 -1.24601435
[GTO]
  3  0
 p   3 1.0 0 0 0
  174.729822702 4.58297223716
  31.3363070225 5.11926545756
  8.21272443003 1.5723490268
  4  0
 p   3 1.0 0 0 0
  6.48730640909 -0.269429376077
  1.50963022728 0.38848208572
  0.486574264336 0.28942874596
  5  0
 p   3 1.0 1 0 0
  6.58853701924 2.75920290841
  1.48548922965 1.33340274102
  0.477924173899 0.237720600625
  6  0
 p   3 1.0 0 1 0
  6.58853701924 2.75920290841
  1.48548922965 1.33340274102
  0.477924173899 0.237720600625
  7  0
 p   3 1.0 0 0 1
  6.54183650969 2.83306856553
  1.50298674922 1.39076919769
  0.484220658303 0.227708369709
  8  0
 p   3 1.0 0 0 0
  3.42706033164 0.298411364041
  0.626712679468 0.268879907602
  0.169237061136 0.0820147184129
[MO]
  Sym=  None
  Ene=      -25.844337174
  Spin= Alpha
  Occup=    2.0
3 -0.994897149003
4 -0.0221140176096
5 1.48488318706e-18
6 -1.13206812654e-17
7 0.00411052310091
8 0.00703050304785
  Sym=  None
  Ene=      -1.54179155161
  Spin= Alpha
  Occup=    2.0
3 0.247485973264
4 -0.886769664305
5 -2.13285755874e-16
6 -1.65859449743e-17
7 0.151718779037
8 -0.189098437041
  Sym=  None
  Ene=      -0.649414490124
  Spin= Alpha
  Occup=    2.0
3 -0.101689694133
4 0.520624738895
5 -1.5172270022e-15
6 2.54554946275e-15
7 0.734395161221
8 -0.443181824213
  Sym=  None
  Ene=      -0.504057602424
  Spin= Alpha
  Occup=    2.0
3 2.49503105622e-16
4 -1.31352280828e-15
5 -0.0228290524081
6 0.999739383223
7 -1.45873644247e-15
8 1.21355273893e-15
  Sym=  None
  Ene=      -0.504057602424
  Spin= Alpha
  Occup=    2.0
3 -1.18745765319e-16
4 5.82515148382e-16
5 0.999739383223
6 0.0228290524081
7 1.15482059795e-15
8 -4.06104445427e-16
  Sym=  None
  Ene=      0.819143321582
  Spin= Alpha
  Occup=    2.0
3 -0.108479119721
4 0.783224604327
5 -1.53993824416e-16
6 -4.02033810922e-17
7 -0.854684102405
8 -1.2808224668
