[Energy] 
E_elec: -104.743891736
E_nuc: 6.21687214477
E_tot: -98.5270195911
SCF Details
Eigen: True
Step: 0 -103.93527882
Step: 1 -104.724682755
Step: 2 -104.743604755
Step: 3 -104.743887377
Step: 4 -104.743891653
Step: 5 -104.743891734
Step: 6 -104.743891736
[CM] 
C AO times MO
  0     1     2     3     4     5     
0 -0.99540675475 -0.244129604041 -0.0998597041271 -3.16937219305e-17 1.30546437611e-17 -0.104360413106 
1 -0.0201871160471 0.887726395136 0.527033004269 2.9358782705e-16 -1.16466907047e-17 0.780964323341 
2 -6.24383374805e-17 -6.6268569595e-17 -1.78308256621e-16 0.0752078477266 -0.997167879367 -2.72568346283e-16 
3 4.96324701531e-17 1.92762784525e-16 -2.65281767675e-16 0.997167879367 0.0752078477266 6.3840644039e-17 
4 0.00375097433028 -0.148561664071 0.725288850867 3.96102936627e-17 -2.48968839236e-16 -0.862570125141 
5 0.00633615846199 0.187636214175 -0.45958143082 -5.22304725841e-16 -7.56180609351e-17 -1.27767233842 
[DM] 
D 
  0     1     2     3     4     5     
0 1.06040583148 -0.24925526154 8.07341842406e-17 -1.00594789301e-16 -0.0398925750143 -0.00622094389847 
1 -0.24925526154 1.06622945986 -1.17848430143e-16 3.22186856759e-16 0.25029333018 -0.0757728709511 
2 8.07341842406e-17 -1.17848430143e-16 1.0 1.11022302463e-16 1.31528508212e-16 1.05239648163e-16 
3 -1.00594789301e-16 3.22186856759e-16 1.11022302463e-16 1.0 -2.00083196369e-16 -3.68110234785e-16 
4 -0.0398925750143 0.25029333018 1.31528508212e-16 -2.00083196369e-16 0.548128555032 -0.36118106929 
5 -0.00622094389847 -0.0757728709511 1.05239648163e-16 -3.68110234785e-16 -0.36118106929 0.246462587329 
[MOE] 
MOE 
0 -25.8812327476
1 -1.53163104022
2 -0.625649447218
3 -0.477237889187
4 -0.477237889187
5 0.806427082703
[INPUT] 
mol = [(9,(0.0,0.0,0.20165898)),
(1,(0.0,0.0,-1.24601435)),
basis = [[(0,0,0),167.760391181,4.64972852058,(0.0,0.0,0.20165898)],
30.2941181795,4.64972852058,(0.0,0.0,0.20165898)],
8.20935775192,4.64972852058,(0.0,0.0,0.20165898)],
][(0,0,0),6.46780038999,4.92882114804,(0.0,0.0,0.20165898)],
1.50357991183,4.92882114804,(0.0,0.0,0.20165898)],
0.48846906591,4.92882114804,(0.0,0.0,0.20165898)],
][(1,0,0),6.48278160611,1.57033680101,(0.0,0.0,0.20165898)],
1.50156680237,1.57033680101,(0.0,0.0,0.20165898)],
0.487143846877,1.57033680101,(0.0,0.0,0.20165898)],
][(0,1,0),6.48278160611,-0.283227360726,(0.0,0.0,0.20165898)],
1.50156680237,-0.283227360726,(0.0,0.0,0.20165898)],
0.487143846877,-0.283227360726,(0.0,0.0,0.20165898)],
][(0,0,1),6.47478818759,0.386911585323,(0.0,0.0,0.20165898)],
1.50322477456,0.386911585323,(0.0,0.0,0.20165898)],
0.488005879406,0.386911585323,(0.0,0.0,0.20165898)],
][(0,0,0),3.42556106347,0.291106453515,(0.0,0.0,-1.24601435)],
0.624232467673,0.291106453515,(0.0,0.0,-1.24601435)],
0.168897659963,0.291106453515,(0.0,0.0,-1.24601435)],
][Atoms]
F 1 9 0.0 0.0 0.20165898
H 2 1 0.0 0.0 -1.24601435
XX 3 0 0.0 0.0 0.20165898
XX 4 0 0.0 0.0 0.20165898
XX 5 0 0.0 0.0 0.20165898
XX 6 0 0.0 0.0 0.20165898
XX 7 0 0.0 0.0 0.20165898
XX 8 0 0.0 0.0 -1.24601435
[GTO]
  3  0
 p   3 1.0 0 0 0
  167.760391181 4.64972852058
  30.2941181795 4.92882114804
  8.20935775192 1.57033680101
  4  0
 p   3 1.0 0 0 0
  6.46780038999 -0.283227360726
  1.50357991183 0.386911585323
  0.48846906591 0.291106453515
  5  0
 p   3 1.0 1 0 0
  6.48278160611 2.45715389676
  1.50156680237 1.42262814636
  0.487143846877 0.228352403067
  6  0
 p   3 1.0 0 1 0
  6.48278160611 2.45715389676
  1.50156680237 1.42262814636
  0.487143846877 0.228352403067
  7  0
 p   3 1.0 0 0 1
  6.47478818759 2.40312809453
  1.50322477456 1.4332102787
  0.488005879406 0.227625572037
  8  0
 p   3 1.0 0 0 0
  3.42556106347 0.279723212352
  0.624232467673 0.267918575698
  0.168897659963 0.0833013015561
[MO]
  Sym=  None
  Ene=      -25.8812327476
  Spin= Alpha
  Occup=    2.0
3 -0.99540675475
4 -0.0201871160471
5 -6.24383374805e-17
6 4.96324701531e-17
7 0.00375097433028
8 0.00633615846199
  Sym=  None
  Ene=      -1.53163104022
  Spin= Alpha
  Occup=    2.0
3 -0.244129604041
4 0.887726395136
5 -6.6268569595e-17
6 1.92762784525e-16
7 -0.148561664071
8 0.187636214175
  Sym=  None
  Ene=      -0.625649447218
  Spin= Alpha
  Occup=    2.0
3 -0.0998597041271
4 0.527033004269
5 -1.78308256621e-16
6 -2.65281767675e-16
7 0.725288850867
8 -0.45958143082
  Sym=  None
  Ene=      -0.477237889187
  Spin= Alpha
  Occup=    2.0
3 -3.16937219305e-17
4 2.9358782705e-16
5 0.0752078477266
6 0.997167879367
7 3.96102936627e-17
8 -5.22304725841e-16
  Sym=  None
  Ene=      -0.477237889187
  Spin= Alpha
  Occup=    2.0
3 1.30546437611e-17
4 -1.16466907047e-17
5 -0.997167879367
6 0.0752078477266
7 -2.48968839236e-16
8 -7.56180609351e-17
  Sym=  None
  Ene=      0.806427082703
  Spin= Alpha
  Occup=    2.0
3 -0.104360413106
4 0.780964323341
5 -2.72568346283e-16
6 6.3840644039e-17
7 -0.862570125141
8 -1.27767233842
